"Frame","Time","Headset_Front_X","Headset_Front_Y","Headset_Front_Z","Headset_Back_X","Headset_Back_Y","Headset_Back_Z","Headset_Left_X","Headset_Left_Y","Headset_Left_Z","Headset_Right_X","Headset_Right_Y","Headset_Right_Z","Left_Shoulder_X","Left_Shoulder_Y","Left_Shoulder_Z","Right_Shoulder_X","Right_Shoulder_Y","Right_Shoulder_Z","Sternum_X","Sternum_Y","Sternum_Z","C7_X","C7_Y","C7_Z","Left Elbow_X","Left Elbow_Y","Left Elbow_Z","Right Elbow_X","Right Elbow_Y","Right Elbow_Z","Left Wrist_X","Left Wrist_Y","Left Wrist_Z","Right Wrist_X","Right Wrist_Y","Right Wrist_Z","Left ASIS_X","Left ASIS_Y","Left ASIS_Z","Right ASIS_X","Right ASIS_Y","Right ASIS_Z","S2_X","S2_Y","S2_Z","Left Knee_X","Left Knee_Y","Left Knee_Z","Right Knee_X","Right Knee_Y","Right Knee_Z","Left Ankle_X","Left Ankle_Y","Left Ankle_Z","Right Ankle_X","Right Ankle_Y","Right Ankle_Z"
1,0,NA,NA,NA,NA,NA,NA,NA,NA,NA,NA,NA,NA,NA,NA,NA,-13.83881,1083.43506,-1490.31409,NA,NA,NA,NA,NA,NA,NA,NA,NA,NA,NA,NA,NA,NA,NA,NA,NA,NA,NA,NA,NA,NA,NA,NA,NA,NA,NA,-86.36733,420.3143,-1458.22754,NA,NA,NA,-81.75627,60.24637,-1470.29053,NA,NA,NA
2,0.01,NA,NA,NA,NA,NA,NA,NA,NA,NA,NA,NA,NA,NA,NA,NA,-13.82263,1083.40039,-1489.91589,NA,NA,NA,NA,NA,NA,NA,NA,NA,NA,NA,NA,NA,NA,NA,NA,NA,NA,NA,NA,NA,NA,NA,NA,NA,NA,NA,-86.82816,419.93234,-1457.06018,NA,NA,NA,-82.29858,59.78096,-1469.84863,NA,NA,NA
3,0.02,NA,NA,NA,NA,NA,NA,NA,NA,NA,NA,NA,NA,NA,NA,NA,-13.18525,1082.40796,-1490.17029,NA,NA,NA,NA,NA,NA,NA,NA,NA,NA,NA,NA,NA,NA,NA,NA,NA,NA,NA,NA,NA,NA,NA,NA,NA,NA,NA,-86.71042,419.88641,-1456.3446,NA,NA,NA,-82.31235,59.76081,-1469.83594,NA,NA,NA
4,0.03,NA,NA,NA,NA,NA,NA,NA,NA,NA,NA,NA,NA,NA,NA,NA,-13.16554,1082.29761,-1490.16052,NA,NA,NA,NA,NA,NA,NA,NA,NA,NA,NA,NA,NA,NA,NA,NA,NA,NA,NA,NA,NA,NA,NA,NA,NA,NA,NA,-87.07167,420.07877,-1455.78381,NA,NA,NA,-82.45844,59.8522,-1469.6283,NA,NA,NA
5,0.04,NA,NA,NA,NA,NA,NA,NA,NA,NA,NA,NA,NA,NA,NA,NA,-13.81226,1082.39746,-1487.276,NA,NA,NA,NA,NA,NA,NA,NA,NA,NA,NA,NA,NA,NA,NA,NA,NA,NA,NA,NA,NA,NA,NA,NA,NA,NA,NA,-88.10486,420.21289,-1454.88733,NA,NA,NA,-82.47552,59.83021,-1469.61536,NA,NA,NA
6,0.05,NA,NA,NA,NA,NA,NA,NA,NA,NA,NA,NA,NA,NA,NA,NA,-13.79025,1082.39124,-1486.83582,NA,NA,NA,NA,NA,NA,NA,NA,NA,NA,NA,NA,NA,NA,NA,NA,NA,NA,NA,NA,NA,NA,NA,NA,NA,NA,NA,-88.82285,420.16043,-1453.4978,NA,NA,NA,-82.48289,59.79581,-1469.58679,NA,NA,NA
7,0.06,NA,NA,NA,NA,NA,NA,NA,NA,NA,NA,NA,NA,NA,NA,NA,-13.77997,1082.35364,-1486.72534,NA,NA,NA,NA,NA,NA,NA,NA,NA,NA,NA,NA,NA,NA,NA,NA,NA,NA,NA,NA,NA,NA,NA,NA,NA,NA,NA,-89.62472,420.17734,-1452.85657,NA,NA,NA,-82.50235,59.79212,-1469.59167,NA,NA,NA
8,0.07,NA,NA,NA,NA,NA,NA,NA,NA,NA,NA,NA,NA,NA,NA,NA,-13.72123,1082.40112,-1486.23279,NA,NA,NA,NA,NA,NA,NA,NA,NA,NA,NA,NA,NA,NA,NA,NA,NA,NA,NA,NA,NA,NA,NA,NA,NA,NA,NA,-91.32489,420.3808,-1452.11243,NA,NA,NA,-83.00588,59.66515,-1469.22009,NA,NA,NA
9,0.08,NA,NA,NA,NA,NA,NA,NA,NA,NA,NA,NA,NA,NA,NA,NA,-14.34892,1082.37463,-1483.99634,NA,NA,NA,NA,NA,NA,NA,NA,NA,NA,NA,NA,NA,NA,NA,NA,NA,NA,NA,NA,NA,NA,NA,NA,NA,NA,NA,-91.90856,420.64093,-1451.9552,NA,NA,NA,-83.01895,59.62956,-1469.19287,NA,NA,NA
10,0.09,NA,NA,NA,NA,NA,NA,NA,NA,NA,NA,NA,NA,NA,NA,NA,-14.87456,1082.67969,-1482.76514,NA,NA,NA,NA,NA,NA,NA,NA,NA,NA,NA,NA,NA,NA,NA,NA,NA,NA,NA,NA,NA,NA,NA,NA,NA,NA,NA,-93.06343,420.13516,-1450.61255,NA,NA,NA,-83.04138,59.59801,-1469.17334,NA,NA,NA
11,0.1,NA,NA,NA,NA,NA,NA,NA,NA,NA,NA,NA,NA,NA,NA,NA,-14.82899,1082.69751,-1482.2146,NA,NA,NA,NA,NA,NA,NA,NA,NA,NA,NA,NA,NA,NA,NA,NA,NA,NA,NA,NA,NA,NA,NA,NA,NA,NA,NA,-93.29607,420.24893,-1450.4812,NA,NA,NA,-83.45277,59.73372,-1469.03247,NA,NA,NA
12,0.11,NA,NA,NA,NA,NA,NA,NA,NA,NA,NA,NA,NA,NA,NA,NA,-15.53106,1086.08459,-1473.32727,NA,NA,NA,NA,NA,NA,NA,NA,NA,NA,NA,NA,NA,NA,NA,NA,NA,NA,NA,NA,NA,NA,NA,NA,NA,NA,NA,-93.63863,420.43027,-1450.30249,NA,NA,NA,-84.00304,59.73638,-1468.39612,NA,NA,NA
13,0.12,NA,NA,NA,NA,NA,NA,NA,NA,NA,NA,NA,NA,NA,NA,NA,-15.52515,1085.73901,-1471.96509,NA,NA,NA,NA,NA,NA,NA,NA,NA,NA,NA,NA,NA,NA,NA,NA,NA,NA,NA,NA,NA,NA,NA,NA,NA,NA,NA,-94.25523,420.95859,-1450.16675,NA,NA,NA,-84.25179,59.7444,-1468.76599,NA,NA,NA
14,0.13,NA,NA,NA,NA,NA,NA,NA,NA,NA,NA,NA,NA,NA,NA,NA,-15.95367,1085.94958,-1470.77979,NA,NA,NA,NA,NA,NA,NA,NA,NA,NA,NA,NA,NA,NA,NA,NA,NA,NA,NA,NA,NA,NA,NA,NA,NA,NA,NA,-96.17575,420.95346,-1449.60583,NA,NA,NA,-84.56042,60.0847,-1469.07153,NA,NA,NA
15,0.14,NA,NA,NA,NA,NA,NA,NA,NA,NA,NA,NA,NA,NA,NA,NA,-16.03373,1086.03235,-1469.78052,NA,NA,NA,NA,NA,NA,NA,NA,NA,NA,NA,NA,NA,NA,NA,NA,NA,NA,NA,NA,NA,NA,NA,NA,NA,NA,NA,-97.56232,420.75494,-1448.63647,NA,NA,NA,-84.95941,60.59195,-1468.27905,NA,NA,NA
16,0.15,NA,NA,NA,NA,NA,NA,NA,NA,NA,NA,NA,NA,NA,NA,NA,-16.165,1083.38049,-1476.58069,NA,NA,NA,NA,NA,NA,NA,NA,NA,NA,NA,NA,NA,NA,NA,NA,NA,NA,NA,NA,NA,NA,NA,NA,NA,NA,NA,-98.47993,420.05386,-1447.52368,NA,NA,NA,-85.05985,60.70199,-1468.02856,NA,NA,NA
17,0.16,NA,NA,NA,NA,NA,NA,NA,NA,NA,NA,NA,NA,NA,NA,NA,-16.15588,1083.46069,-1476.35266,NA,NA,NA,NA,NA,NA,NA,NA,NA,NA,NA,NA,NA,NA,NA,NA,NA,NA,NA,NA,NA,NA,NA,NA,NA,NA,NA,-99.18136,420.44339,-1447.55652,NA,NA,NA,-85.07455,60.689,-1468.02283,NA,NA,NA
18,0.17,NA,NA,NA,NA,NA,NA,NA,NA,NA,NA,NA,NA,NA,NA,NA,-16.65102,1083.44727,-1474.10657,NA,NA,NA,NA,NA,NA,NA,NA,NA,NA,NA,NA,NA,NA,NA,NA,NA,NA,NA,NA,NA,NA,NA,NA,NA,NA,NA,-99.41921,420.58026,-1447.4541,NA,NA,NA,-85.08558,60.70749,-1468.04456,NA,NA,NA
19,0.18,NA,NA,NA,NA,NA,NA,NA,NA,NA,NA,NA,NA,NA,NA,NA,-16.61862,1083.45996,-1474.04907,NA,NA,NA,NA,NA,NA,NA,NA,NA,NA,NA,NA,NA,NA,NA,NA,NA,NA,NA,NA,NA,NA,NA,NA,NA,NA,NA,-100.22461,420.43478,-1446.95129,NA,NA,NA,-85.10276,60.6758,-1468.02271,NA,NA,NA
20,0.19,NA,NA,NA,NA,NA,NA,NA,NA,NA,NA,NA,NA,NA,NA,NA,-16.49575,1083.72595,-1472.93896,NA,NA,NA,NA,NA,NA,NA,NA,NA,NA,NA,NA,NA,NA,NA,NA,NA,NA,NA,NA,NA,NA,NA,NA,NA,NA,NA,-100.71522,419.87881,-1446.85449,NA,NA,NA,-85.11443,60.68847,-1468.03931,NA,NA,NA
21,0.2,NA,NA,NA,NA,NA,NA,NA,NA,NA,NA,NA,NA,NA,NA,NA,-16.44258,1083.82971,-1472.63281,NA,NA,NA,NA,NA,NA,NA,NA,NA,NA,NA,NA,NA,NA,NA,NA,NA,NA,NA,NA,NA,NA,NA,NA,NA,NA,NA,-101.47161,420.37335,-1445.93567,NA,NA,NA,-85.12003,60.69436,-1468.04712,NA,NA,NA
22,0.21,NA,NA,NA,NA,NA,NA,NA,NA,NA,NA,NA,NA,NA,NA,NA,-16.30629,1083.96362,-1471.87964,NA,NA,NA,NA,NA,NA,NA,NA,NA,NA,NA,NA,NA,NA,NA,NA,NA,NA,NA,NA,NA,NA,NA,NA,NA,NA,NA,-102.02218,420.55206,-1445.92163,NA,NA,NA,-85.28031,60.87592,-1467.98352,NA,NA,NA
23,0.22,NA,NA,NA,NA,NA,NA,NA,NA,NA,NA,NA,NA,NA,NA,NA,-16.21732,1084.02332,-1471.47827,NA,NA,NA,NA,NA,NA,NA,NA,NA,NA,NA,NA,NA,NA,NA,NA,NA,NA,NA,NA,NA,NA,NA,NA,NA,NA,NA,-102.6943,420.63702,-1445.49866,NA,NA,NA,-85.39671,60.81651,-1468.21582,NA,NA,NA
24,0.23,NA,NA,NA,NA,NA,NA,NA,NA,NA,NA,NA,NA,NA,NA,NA,-16.13197,1084.19849,-1470.74341,NA,NA,NA,NA,NA,NA,NA,NA,NA,NA,NA,NA,NA,NA,NA,NA,NA,NA,NA,NA,NA,NA,NA,NA,NA,NA,NA,-104.28036,420.07632,-1443.86084,NA,NA,NA,-85.57427,60.89977,-1468.28503,NA,NA,NA
25,0.24,NA,NA,NA,NA,NA,NA,NA,NA,NA,NA,NA,NA,NA,NA,NA,-16.06578,1084.41394,-1470.04883,NA,NA,NA,NA,NA,NA,NA,NA,NA,NA,NA,NA,NA,NA,NA,NA,NA,NA,NA,NA,NA,NA,NA,NA,NA,NA,NA,-104.46156,420.22333,-1443.70557,NA,NA,NA,-86.31005,60.68926,-1467.75439,NA,NA,NA
26,0.25,NA,NA,NA,NA,NA,NA,NA,NA,NA,NA,NA,NA,NA,NA,NA,-16.6011,1084.51196,-1467.69592,NA,NA,NA,NA,NA,NA,NA,NA,NA,NA,NA,NA,NA,NA,NA,NA,NA,NA,NA,NA,NA,NA,NA,NA,NA,NA,NA,-104.56158,420.22659,-1443.7821,NA,NA,NA,-86.37157,60.655,-1467.74878,NA,NA,NA
27,0.26,NA,NA,NA,NA,NA,NA,NA,NA,NA,NA,NA,NA,NA,NA,NA,-16.52191,1084.64746,-1467.08301,NA,NA,NA,NA,NA,NA,NA,NA,NA,NA,NA,NA,NA,NA,NA,NA,NA,NA,NA,NA,NA,NA,NA,NA,NA,NA,NA,-104.62635,420.19382,-1443.97925,NA,NA,NA,-86.36897,60.67342,-1467.76465,NA,NA,NA
28,0.27,NA,NA,NA,NA,NA,NA,NA,NA,NA,NA,NA,NA,NA,NA,NA,-17.23064,1084.80945,-1465.32141,NA,NA,NA,NA,NA,NA,NA,NA,NA,NA,NA,NA,NA,NA,NA,NA,NA,NA,NA,NA,NA,NA,NA,NA,NA,NA,NA,-104.6779,420.06876,-1444.20947,NA,NA,NA,-86.42779,60.62786,-1467.74756,NA,NA,NA
29,0.28,NA,NA,NA,NA,NA,NA,NA,NA,NA,NA,NA,NA,NA,NA,NA,-17.21939,1084.91028,-1465.0863,NA,NA,NA,NA,NA,NA,NA,NA,NA,NA,NA,NA,NA,NA,NA,NA,NA,NA,NA,NA,NA,NA,NA,NA,NA,NA,NA,-104.58866,420.13257,-1444.02393,NA,NA,NA,-86.42195,60.64517,-1467.76111,NA,NA,NA
30,0.29,NA,NA,NA,NA,NA,NA,NA,NA,NA,NA,NA,NA,NA,NA,NA,-17.13883,1085.06543,-1464.38464,NA,NA,NA,NA,NA,NA,NA,NA,NA,NA,NA,NA,NA,NA,NA,NA,NA,NA,NA,NA,NA,NA,NA,NA,NA,NA,NA,-104.06654,420.65894,-1444.40027,NA,NA,NA,-86.39281,60.67284,-1467.77417,NA,NA,NA
31,0.3,NA,NA,NA,NA,NA,NA,NA,NA,NA,NA,NA,NA,NA,NA,NA,-17.60142,1085.40125,-1463.02722,NA,NA,NA,NA,NA,NA,NA,NA,NA,NA,NA,NA,NA,NA,NA,NA,NA,NA,NA,NA,NA,NA,NA,NA,NA,NA,NA,-102.60812,421.20798,-1446.07019,NA,NA,NA,-86.40201,60.66053,-1467.76672,NA,NA,NA
32,0.31,NA,NA,NA,NA,NA,NA,NA,NA,NA,NA,NA,NA,NA,NA,NA,-17.52078,1085.42432,-1462.49817,NA,NA,NA,NA,NA,NA,NA,NA,NA,NA,NA,NA,NA,NA,NA,NA,NA,NA,NA,NA,NA,NA,NA,NA,NA,NA,NA,-102.5038,420.74728,-1445.30835,NA,NA,NA,-86.36835,60.70228,-1467.79102,NA,NA,NA
33,0.32,NA,NA,NA,NA,NA,NA,NA,NA,NA,NA,NA,NA,NA,NA,NA,-17.52304,1085.41162,-1462.47498,NA,NA,NA,NA,NA,NA,NA,NA,NA,NA,NA,NA,NA,NA,NA,NA,NA,NA,NA,NA,NA,NA,NA,NA,NA,NA,NA,-101.91223,420.67078,-1445.71936,NA,NA,NA,-86.3374,60.71654,-1467.79102,NA,NA,NA
34,0.33,NA,NA,NA,NA,NA,NA,NA,NA,NA,NA,NA,NA,NA,NA,NA,-17.5109,1085.41052,-1462.43848,NA,NA,NA,NA,NA,NA,NA,NA,NA,NA,NA,NA,NA,NA,NA,NA,NA,NA,NA,NA,NA,NA,NA,NA,NA,NA,NA,-100.69433,420.26642,-1445.7771,NA,NA,NA,-85.87974,61.08092,-1468.31689,NA,NA,NA
35,0.34,NA,NA,NA,NA,NA,NA,NA,NA,NA,NA,NA,NA,NA,NA,NA,-17.48121,1085.40784,-1462.25525,NA,NA,NA,NA,NA,NA,NA,NA,NA,NA,NA,NA,NA,NA,NA,NA,NA,NA,NA,NA,NA,NA,NA,NA,NA,NA,NA,-100.25688,420.25146,-1445.1925,NA,NA,NA,-85.59499,60.94653,-1468.33691,NA,NA,NA
36,0.35,NA,NA,NA,NA,NA,NA,NA,NA,NA,NA,NA,NA,NA,NA,NA,-17.42215,1085.34717,-1462.12695,NA,NA,NA,NA,NA,NA,NA,NA,NA,NA,NA,NA,NA,NA,NA,NA,NA,NA,NA,NA,NA,NA,NA,NA,NA,NA,NA,-99.75665,420.73233,-1445.52368,NA,NA,NA,-85.55263,60.96339,-1468.33447,NA,NA,NA
37,0.36,NA,NA,NA,NA,NA,NA,NA,NA,NA,NA,NA,NA,NA,NA,NA,-17.36612,1085.02356,-1461.75818,NA,NA,NA,NA,NA,NA,NA,NA,NA,NA,NA,NA,NA,NA,NA,NA,NA,NA,NA,NA,NA,NA,NA,NA,NA,NA,NA,-99.32288,420.87357,-1444.67639,NA,NA,NA,-85.5054,60.93803,-1468.29114,NA,NA,NA
38,0.37,NA,NA,NA,NA,NA,NA,NA,NA,NA,NA,NA,NA,NA,NA,NA,-17.35481,1085.01379,-1461.70386,NA,NA,NA,NA,NA,NA,NA,NA,NA,NA,NA,NA,NA,NA,NA,NA,NA,NA,NA,NA,NA,NA,NA,NA,NA,NA,NA,-98.10412,420.86652,-1444.79565,NA,NA,NA,-85.27229,60.89819,-1468.00061,NA,NA,NA
39,0.38,NA,NA,NA,NA,NA,NA,NA,NA,NA,NA,NA,NA,NA,NA,NA,-17.22521,1085.11328,-1460.79431,NA,NA,NA,NA,NA,NA,NA,NA,NA,NA,NA,NA,NA,NA,NA,NA,NA,NA,NA,NA,NA,NA,NA,NA,NA,NA,NA,-97.52621,420.86923,-1444.26624,NA,NA,NA,-85.23643,60.93259,-1468.01721,NA,NA,NA
40,0.39,NA,NA,NA,NA,NA,NA,NA,NA,NA,NA,NA,NA,NA,NA,NA,-18.31443,1084.88513,-1457.97131,NA,NA,NA,NA,NA,NA,NA,NA,NA,NA,NA,NA,NA,NA,NA,NA,NA,NA,NA,NA,NA,NA,NA,NA,NA,NA,NA,-96.17434,421.01575,-1445.19946,NA,NA,NA,-85.10898,60.77673,-1468.11841,NA,NA,NA
41,0.4,NA,NA,NA,NA,NA,NA,NA,NA,NA,NA,NA,NA,NA,NA,NA,-18.27892,1084.77917,-1458.02295,NA,NA,NA,NA,NA,NA,NA,NA,NA,NA,NA,NA,NA,NA,NA,NA,NA,NA,NA,NA,NA,NA,NA,NA,NA,NA,NA,-95.84517,421.01855,-1444.79089,NA,NA,NA,-85.09786,60.78106,-1468.11768,NA,NA,NA
42,0.41,NA,NA,NA,NA,NA,NA,NA,NA,NA,NA,NA,NA,NA,NA,NA,-18.15043,1084.64368,-1457.70422,NA,NA,NA,NA,NA,NA,NA,NA,NA,NA,NA,NA,NA,NA,NA,NA,NA,NA,NA,NA,NA,NA,NA,NA,NA,NA,NA,-94.55284,421.19986,-1445.49109,NA,NA,NA,-85.09055,60.77716,-1468.11096,NA,NA,NA
43,0.42,NA,NA,NA,NA,NA,NA,NA,NA,NA,NA,NA,NA,NA,NA,NA,-13.48166,1084.11951,-1468.45251,NA,NA,NA,NA,NA,NA,NA,NA,NA,NA,NA,NA,NA,NA,NA,NA,NA,NA,NA,NA,NA,NA,NA,NA,NA,NA,NA,-93.69548,422.11084,-1446.33618,NA,NA,NA,-85.08972,60.74869,-1468.08435,NA,NA,NA
44,0.43,NA,NA,NA,NA,NA,NA,NA,NA,NA,NA,NA,NA,NA,NA,NA,-17.14133,1083.62427,-1459.63098,NA,NA,NA,NA,NA,NA,NA,NA,NA,NA,NA,NA,NA,NA,NA,NA,NA,NA,NA,NA,NA,NA,NA,NA,NA,NA,NA,-93.2308,421.98306,-1445.53259,NA,NA,NA,-85.06857,60.7988,-1468.12158,NA,NA,NA
45,0.44,NA,NA,NA,NA,NA,NA,NA,NA,NA,NA,NA,NA,NA,NA,NA,-17.07051,1083.53833,-1459.33435,NA,NA,NA,NA,NA,NA,NA,NA,NA,NA,NA,NA,NA,NA,NA,NA,NA,NA,NA,NA,NA,NA,NA,NA,NA,NA,NA,-93.24188,422.05838,-1445.28857,NA,NA,NA,-85.07151,60.77398,-1468.09998,NA,NA,NA
46,0.45,NA,NA,NA,NA,NA,NA,NA,NA,NA,NA,NA,NA,NA,NA,NA,-16.98508,1083.38086,-1459.30078,NA,NA,NA,NA,NA,NA,NA,NA,NA,NA,NA,NA,NA,NA,NA,NA,NA,NA,NA,NA,NA,NA,NA,NA,NA,NA,NA,-93.22559,422.04245,-1445.25781,NA,NA,NA,-85.06297,60.81548,-1468.13452,NA,NA,NA
47,0.46,NA,NA,NA,NA,NA,NA,NA,NA,NA,NA,NA,NA,NA,NA,NA,-16.95197,1083.08313,-1459.78491,NA,NA,NA,NA,NA,NA,NA,NA,NA,NA,NA,NA,NA,NA,NA,NA,NA,NA,NA,NA,NA,NA,NA,NA,NA,NA,NA,-93.19592,422.05936,-1445.09497,NA,NA,NA,-85.05813,60.78946,-1468.10852,NA,NA,NA
48,0.47,NA,NA,NA,NA,NA,NA,NA,NA,NA,NA,NA,NA,NA,NA,NA,-16.96102,1083.0675,-1459.77368,NA,NA,NA,NA,NA,NA,NA,NA,NA,NA,NA,NA,NA,NA,NA,NA,NA,NA,NA,NA,NA,NA,NA,NA,NA,NA,NA,-93.25371,422.12857,-1444.87476,NA,NA,NA,-85.00491,61.04413,-1467.46765,NA,NA,NA
49,0.48,NA,NA,NA,NA,NA,NA,NA,NA,NA,NA,NA,NA,NA,NA,NA,-16.98006,1083.0304,-1459.74011,NA,NA,NA,NA,NA,NA,NA,NA,NA,NA,NA,NA,NA,NA,NA,NA,NA,NA,NA,NA,NA,NA,NA,NA,NA,NA,NA,-93.47946,421.85806,-1443.74792,NA,NA,NA,-84.99609,61.02666,-1467.44775,NA,NA,NA
50,0.49,NA,NA,NA,NA,NA,NA,NA,NA,NA,NA,NA,NA,NA,NA,NA,-16.97218,1083.00671,-1459.66235,NA,NA,NA,NA,NA,NA,NA,NA,NA,NA,NA,NA,NA,NA,NA,NA,NA,NA,NA,NA,NA,NA,NA,NA,NA,NA,NA,-94.04008,421.79874,-1442.8457,NA,NA,NA,-84.99944,61.01346,-1467.43701,NA,NA,NA
51,0.5,NA,NA,NA,NA,NA,NA,NA,NA,NA,NA,NA,NA,NA,NA,NA,-17.68973,1082.88098,-1458.14624,NA,NA,NA,NA,NA,NA,NA,NA,NA,NA,NA,NA,NA,NA,NA,NA,NA,NA,NA,NA,NA,NA,NA,NA,NA,NA,NA,-95.2225,421.81357,-1441.48706,NA,NA,NA,-84.86108,61.33984,-1466.56543,NA,NA,NA
52,0.51,NA,NA,NA,NA,NA,NA,NA,NA,NA,NA,NA,NA,NA,NA,NA,-18.1161,1082.5282,-1457.28455,NA,NA,NA,NA,NA,NA,NA,NA,NA,NA,NA,NA,NA,NA,NA,NA,NA,NA,NA,NA,NA,NA,NA,NA,NA,NA,NA,-95.32307,421.92633,-1441.40393,NA,NA,NA,-84.7266,61.38954,-1466.44824,NA,NA,NA
53,0.52,NA,NA,NA,NA,NA,NA,NA,NA,NA,NA,NA,NA,NA,NA,NA,-18.10679,1082.1936,-1457.10583,NA,NA,NA,NA,NA,NA,NA,NA,NA,NA,NA,NA,NA,NA,NA,NA,NA,NA,NA,NA,NA,NA,NA,NA,NA,NA,NA,-96.01122,421.952,-1440.31555,NA,NA,NA,-84.73207,61.36527,-1466.4281,NA,NA,NA
54,0.53,NA,NA,NA,NA,NA,NA,NA,NA,NA,NA,NA,NA,NA,NA,NA,-18.1053,1081.93982,-1457.42419,NA,NA,NA,NA,NA,NA,NA,NA,NA,NA,NA,NA,NA,NA,NA,NA,NA,NA,NA,NA,NA,NA,NA,NA,NA,NA,NA,-96.64837,422.07681,-1439.77905,NA,NA,NA,-84.66434,61.48519,-1466.11218,NA,NA,NA
55,0.54,NA,NA,NA,NA,NA,NA,NA,NA,NA,NA,NA,NA,NA,NA,NA,-18.11566,1081.91162,-1457.38708,NA,NA,NA,NA,NA,NA,NA,NA,NA,NA,NA,NA,NA,NA,NA,NA,NA,NA,NA,NA,NA,NA,NA,NA,NA,NA,NA,-97.49789,421.41495,-1438.27063,NA,NA,NA,-84.81713,61.53387,-1466.17004,NA,NA,NA
56,0.55,NA,NA,NA,NA,NA,NA,NA,NA,NA,NA,NA,NA,NA,NA,NA,-18.12648,1081.54883,-1458.19067,NA,NA,NA,NA,NA,NA,NA,NA,NA,NA,NA,NA,NA,NA,NA,NA,NA,NA,NA,NA,NA,NA,NA,NA,NA,NA,NA,-97.91354,421.42053,-1438.68042,NA,NA,NA,-84.81977,61.51738,-1466.15588,NA,NA,NA
57,0.56,NA,NA,NA,NA,NA,NA,NA,NA,NA,NA,NA,NA,NA,NA,NA,-18.13902,1081.35071,-1458.42078,NA,NA,NA,NA,NA,NA,NA,NA,NA,NA,NA,NA,NA,NA,NA,NA,NA,NA,NA,NA,NA,NA,NA,NA,NA,NA,NA,-98.09612,421.31625,-1438.80359,NA,NA,NA,-84.67464,61.44851,-1466.08276,NA,NA,NA
58,0.57,NA,NA,NA,NA,NA,NA,NA,NA,NA,NA,NA,NA,NA,NA,NA,-18.22482,1081.23523,-1458.89355,NA,NA,NA,NA,NA,NA,NA,NA,NA,NA,NA,NA,NA,NA,NA,NA,NA,NA,NA,NA,NA,NA,NA,NA,NA,NA,NA,-98.73182,421.51346,-1439.14771,NA,NA,NA,-84.7353,61.61359,-1465.65881,NA,NA,NA
59,0.58,NA,NA,NA,NA,NA,NA,NA,NA,NA,NA,NA,NA,NA,NA,NA,-18.27617,1080.99109,-1459.45056,NA,NA,NA,NA,NA,NA,NA,NA,NA,NA,NA,NA,NA,NA,NA,NA,NA,NA,NA,NA,NA,NA,NA,NA,NA,NA,NA,-99.18848,421.76373,-1438.57031,NA,NA,NA,-84.72443,61.60153,-1465.64294,NA,NA,NA
60,0.59,NA,NA,NA,NA,NA,NA,NA,NA,NA,NA,NA,NA,NA,NA,NA,-18.32525,1080.90723,-1459.72144,NA,NA,NA,NA,NA,NA,NA,NA,NA,NA,NA,NA,NA,NA,NA,NA,NA,NA,NA,NA,NA,NA,NA,NA,NA,NA,NA,-100.41806,421.2804,-1437.00659,NA,NA,NA,-84.84001,61.79792,-1465.297,NA,NA,NA
61,0.6,NA,NA,NA,NA,NA,NA,NA,NA,NA,NA,NA,NA,NA,NA,NA,-18.29325,1080.68677,-1459.93262,NA,NA,NA,NA,NA,NA,NA,NA,NA,NA,NA,NA,NA,NA,NA,NA,NA,NA,NA,NA,NA,NA,NA,NA,NA,NA,NA,-100.60518,421.22607,-1437.05042,NA,NA,NA,-85.24388,62.08079,-1465.02612,NA,NA,NA
62,0.61,NA,NA,NA,NA,NA,NA,NA,NA,NA,NA,NA,NA,NA,NA,NA,-18.3207,1080.62549,-1460.14807,NA,NA,NA,NA,NA,NA,NA,NA,NA,NA,NA,NA,NA,NA,NA,NA,NA,NA,NA,NA,NA,NA,NA,NA,NA,NA,NA,-100.92162,421.40997,-1436.88354,NA,NA,NA,-85.54411,62.02575,-1465.5304,NA,NA,NA
63,0.62,NA,NA,NA,NA,NA,NA,NA,NA,NA,NA,NA,NA,NA,NA,NA,-18.25435,1080.61621,-1459.97473,NA,NA,NA,NA,NA,NA,NA,NA,NA,NA,NA,NA,NA,NA,NA,NA,NA,NA,NA,NA,NA,NA,NA,NA,NA,NA,NA,-101.07687,421.49567,-1436.75122,NA,NA,NA,-85.54535,62.00935,-1465.51575,NA,NA,NA
64,0.63,NA,NA,NA,NA,NA,NA,NA,NA,NA,NA,NA,NA,NA,NA,NA,-18.15325,1080.5929,-1459.61963,NA,NA,NA,NA,NA,NA,NA,NA,NA,NA,NA,NA,NA,NA,NA,NA,NA,NA,NA,NA,NA,NA,NA,NA,NA,NA,NA,-102.09068,421.6474,-1436.1322,NA,NA,NA,-85.98698,61.73109,-1465.06116,NA,NA,NA
65,0.64,NA,NA,NA,NA,NA,NA,NA,NA,NA,NA,NA,NA,NA,NA,NA,-16.7529,1080.45276,-1462.25867,NA,NA,NA,NA,NA,NA,NA,NA,NA,NA,NA,NA,NA,NA,NA,NA,NA,NA,NA,NA,NA,NA,NA,NA,NA,NA,NA,-102.51563,421.76956,-1435.92358,NA,NA,NA,-85.99792,61.76974,-1465.10156,NA,NA,NA
66,0.65,NA,NA,NA,NA,NA,NA,NA,NA,NA,NA,NA,NA,NA,NA,NA,-15.46312,1080.42114,-1464.71387,NA,NA,NA,NA,NA,NA,NA,NA,NA,NA,NA,NA,NA,NA,NA,NA,NA,NA,NA,NA,NA,NA,NA,NA,NA,NA,NA,-102.59955,421.83667,-1436.20605,NA,NA,NA,-86.00388,61.78482,-1465.11804,NA,NA,NA
67,0.66,NA,NA,NA,NA,NA,NA,NA,NA,NA,NA,NA,NA,NA,NA,NA,-15.3555,1080.54321,-1464.21033,NA,NA,NA,NA,NA,NA,NA,NA,NA,NA,NA,NA,NA,NA,NA,NA,NA,NA,NA,NA,NA,NA,NA,NA,NA,NA,NA,-102.62169,421.86319,-1436.48572,NA,NA,NA,-86.02243,61.76379,-1465.10645,NA,NA,NA
68,0.67,NA,NA,NA,NA,NA,NA,NA,NA,NA,NA,NA,NA,NA,NA,NA,-15.27037,1080.59692,-1463.92261,NA,NA,NA,NA,NA,NA,NA,NA,NA,NA,NA,NA,NA,NA,NA,NA,NA,NA,NA,NA,NA,NA,NA,NA,NA,NA,NA,-102.60442,421.90662,-1436.53149,NA,NA,NA,-86.17229,61.88257,-1464.98071,NA,NA,NA
69,0.68,NA,NA,NA,NA,NA,NA,NA,NA,NA,NA,NA,NA,NA,NA,NA,-10.26375,1079.98987,-1474.10547,NA,NA,NA,NA,NA,NA,NA,NA,NA,NA,NA,NA,NA,NA,NA,NA,NA,NA,NA,NA,NA,NA,NA,NA,NA,NA,NA,-101.5937,421.90222,-1437.16467,NA,NA,NA,-86.1581,61.90518,-1464.99548,NA,NA,NA
70,0.69,NA,NA,NA,NA,NA,NA,NA,NA,NA,NA,NA,NA,NA,NA,NA,-13.22142,1079.63037,-1466.36243,NA,NA,NA,NA,NA,NA,NA,NA,NA,NA,NA,NA,NA,NA,NA,NA,NA,NA,NA,NA,NA,NA,NA,NA,NA,NA,NA,-101.11144,421.73059,-1437.61328,NA,NA,NA,-86.18985,61.88181,-1464.98743,NA,NA,NA
71,0.7,NA,NA,NA,NA,NA,NA,NA,NA,NA,NA,NA,NA,NA,NA,NA,-12.96599,1079.22949,-1465.40894,NA,NA,NA,NA,NA,NA,NA,NA,NA,NA,NA,NA,NA,NA,NA,NA,NA,NA,NA,NA,NA,NA,NA,NA,NA,NA,NA,-100.46104,422.0701,-1438.01257,NA,NA,NA,-86.17973,61.91853,-1465.01709,NA,NA,NA
72,0.71,NA,NA,NA,NA,NA,NA,NA,NA,NA,NA,NA,NA,NA,NA,NA,-11.84226,1079.33154,-1467.73572,NA,NA,NA,NA,NA,NA,NA,NA,NA,NA,NA,NA,NA,NA,NA,NA,NA,NA,NA,NA,NA,NA,NA,NA,NA,NA,NA,-99.62753,422.16528,-1438.84741,NA,NA,NA,-86.18578,61.9231,-1465.02393,NA,NA,NA
73,0.72,NA,NA,NA,NA,NA,NA,NA,NA,NA,NA,NA,NA,NA,NA,NA,-10.98389,1079.17981,-1468.76025,NA,NA,NA,NA,NA,NA,NA,NA,NA,NA,NA,NA,NA,NA,NA,NA,NA,NA,NA,NA,NA,NA,NA,NA,NA,NA,NA,-99.23026,421.72287,-1439.59692,NA,NA,NA,-86.18288,61.89922,-1465.00061,NA,NA,NA
74,0.73,NA,NA,NA,NA,NA,NA,NA,NA,NA,NA,NA,NA,NA,NA,NA,-10.08682,1078.84644,-1469.92883,NA,NA,NA,NA,NA,NA,NA,NA,NA,NA,NA,NA,NA,NA,NA,NA,NA,NA,NA,NA,NA,NA,NA,NA,NA,NA,NA,-98.91554,421.74777,-1439.51611,NA,NA,NA,-86.18117,61.86266,-1464.96606,NA,NA,NA
75,0.74,NA,NA,NA,NA,NA,NA,NA,NA,NA,NA,NA,NA,NA,NA,NA,-9.80911,1078.86804,-1468.90759,NA,NA,NA,NA,NA,NA,NA,NA,NA,NA,NA,NA,NA,NA,NA,NA,NA,NA,NA,NA,NA,NA,NA,NA,NA,NA,NA,-97.95097,421.88467,-1440.07593,NA,NA,NA,-86.0372,61.74797,-1465.09814,NA,NA,NA
76,0.75,NA,NA,NA,NA,NA,NA,NA,NA,NA,NA,NA,NA,NA,NA,NA,-8.73412,1078.67725,-1469.61194,NA,NA,NA,NA,NA,NA,NA,NA,NA,NA,NA,NA,NA,NA,NA,NA,NA,NA,NA,NA,NA,NA,NA,NA,NA,NA,NA,-96.73795,422.18433,-1439.9884,NA,NA,NA,-86.03262,61.71429,-1465.06494,NA,NA,NA
77,0.76,NA,NA,NA,NA,NA,NA,NA,NA,NA,NA,NA,NA,NA,NA,NA,-7.75704,1078.86304,-1469.88684,NA,NA,NA,NA,NA,NA,NA,NA,NA,NA,NA,NA,NA,NA,NA,NA,NA,NA,NA,NA,NA,NA,NA,NA,NA,NA,NA,-95.25895,422.0051,-1441.46692,NA,NA,NA,-86.05851,61.49186,-1465.62915,NA,NA,NA
78,0.77,NA,NA,NA,NA,NA,NA,NA,NA,NA,NA,NA,NA,NA,NA,NA,-6.9604,1078.45703,-1470.58154,NA,NA,NA,NA,NA,NA,NA,NA,NA,NA,NA,NA,NA,NA,NA,NA,NA,NA,NA,NA,NA,NA,NA,NA,NA,NA,NA,-93.62054,422.39642,-1443.43286,NA,NA,NA,-85.51149,61.93357,-1465.89539,NA,NA,NA
79,0.78,NA,NA,NA,NA,NA,NA,NA,NA,NA,NA,NA,NA,NA,NA,NA,-5.87387,1078.63806,-1470.62183,NA,NA,NA,NA,NA,NA,NA,NA,NA,NA,NA,NA,NA,NA,NA,NA,NA,NA,NA,NA,NA,NA,NA,NA,NA,NA,NA,-92.74493,422.43311,-1444.10327,NA,NA,NA,-85.33941,61.60686,-1466.47559,NA,NA,NA
80,0.79,NA,NA,NA,NA,NA,NA,NA,NA,NA,NA,NA,NA,NA,NA,NA,-4.85218,1078.53528,-1472.01013,NA,NA,NA,NA,NA,NA,NA,NA,NA,NA,NA,NA,NA,NA,NA,NA,NA,NA,NA,NA,NA,NA,NA,NA,NA,NA,NA,-92.13457,422.30341,-1443.43066,NA,NA,NA,-85.1981,61.52925,-1466.52539,NA,NA,NA
81,0.8,NA,NA,NA,NA,NA,NA,NA,NA,NA,NA,NA,NA,NA,NA,NA,-4.62502,1078.60974,-1471.23401,NA,NA,NA,NA,NA,NA,NA,NA,NA,NA,NA,NA,NA,NA,NA,NA,NA,NA,NA,NA,NA,NA,NA,NA,NA,NA,NA,-90.3565,422.10336,-1444.83704,NA,NA,NA,-85.17354,61.59609,-1466.57666,NA,NA,NA
82,0.81,NA,NA,NA,NA,NA,NA,NA,NA,NA,NA,NA,NA,NA,NA,NA,-3.48662,1078.31555,-1471.97205,NA,NA,NA,NA,NA,NA,NA,NA,NA,NA,NA,NA,NA,NA,NA,NA,NA,NA,NA,NA,NA,NA,NA,NA,NA,NA,NA,-87.94415,421.94806,-1445.87573,NA,NA,NA,-85.02468,61.47628,-1466.62695,NA,NA,NA
83,0.82,NA,NA,NA,NA,NA,NA,NA,NA,NA,NA,NA,NA,NA,NA,NA,-3.39793,1078.60535,-1471.0271,NA,NA,NA,NA,NA,NA,NA,NA,NA,NA,NA,NA,NA,NA,NA,NA,NA,NA,NA,NA,NA,NA,NA,NA,NA,NA,NA,-86.90284,421.86212,-1445.1499,NA,NA,NA,-84.86369,61.4334,-1466.91382,NA,NA,NA
84,0.83,NA,NA,NA,NA,NA,NA,NA,NA,NA,NA,NA,NA,NA,NA,NA,-2.32059,1078.22888,-1472.06873,NA,NA,NA,NA,NA,NA,NA,NA,NA,NA,NA,NA,NA,NA,NA,NA,NA,NA,NA,NA,NA,NA,NA,NA,NA,NA,NA,-85.0209,421.99966,-1445.97314,NA,NA,NA,-84.63077,61.42233,-1466.61646,NA,NA,NA
85,0.84,NA,NA,NA,NA,NA,NA,NA,NA,NA,NA,NA,NA,NA,NA,NA,-1.69725,1077.89648,-1471.73206,NA,NA,NA,NA,NA,NA,NA,NA,NA,NA,NA,NA,NA,NA,NA,NA,NA,NA,NA,NA,NA,NA,NA,NA,NA,NA,NA,-84.25124,421.68051,-1445.77197,NA,NA,NA,-84.4479,61.52325,-1466.52441,NA,NA,NA
86,0.85,NA,NA,NA,NA,NA,NA,NA,NA,NA,NA,NA,NA,NA,NA,NA,-0.22473,1077.4718,-1473.72192,NA,NA,NA,NA,NA,NA,NA,NA,NA,NA,NA,NA,NA,NA,NA,NA,NA,NA,NA,NA,NA,NA,NA,NA,NA,NA,NA,-82.00695,421.30585,-1447.45459,NA,NA,NA,-84.42201,61.38314,-1466.95471,NA,NA,NA
87,0.86,NA,NA,NA,NA,NA,NA,NA,NA,NA,NA,NA,NA,NA,NA,NA,0.15104,1077.66382,-1472.10168,NA,NA,NA,NA,NA,NA,NA,NA,NA,NA,NA,NA,NA,NA,NA,NA,NA,NA,NA,NA,NA,NA,NA,NA,NA,NA,NA,-80.65683,421.12537,-1447.92004,NA,NA,NA,-84.40793,61.37483,-1466.94104,NA,NA,NA
88,0.87,NA,NA,NA,NA,NA,NA,NA,NA,NA,NA,NA,NA,NA,NA,NA,1.32531,1077.8175,-1472.27783,NA,NA,NA,NA,NA,NA,NA,NA,NA,NA,NA,NA,NA,NA,NA,NA,NA,NA,NA,NA,NA,NA,NA,NA,NA,NA,NA,-79.36507,421.35703,-1448.48877,NA,NA,NA,-83.69752,61.40463,-1467.29248,NA,NA,NA
89,0.88,NA,NA,NA,NA,NA,NA,NA,NA,NA,NA,NA,NA,NA,NA,NA,2.59815,1077.68665,-1472.50598,NA,NA,NA,NA,NA,NA,NA,NA,NA,NA,NA,NA,NA,NA,NA,NA,NA,NA,NA,NA,NA,NA,NA,NA,NA,NA,NA,-78.32623,420.74448,-1448.60657,NA,NA,NA,-83.49706,61.00164,-1467.07312,NA,NA,NA
90,0.89,NA,NA,NA,NA,NA,NA,NA,NA,NA,NA,NA,NA,NA,NA,NA,3.09799,1078.01074,-1470.3656,NA,NA,NA,NA,NA,NA,NA,NA,NA,NA,NA,NA,NA,NA,NA,NA,NA,NA,NA,NA,NA,NA,NA,NA,NA,NA,NA,-75.494,420.69733,-1449.26453,NA,NA,NA,-82.7838,60.77691,-1467.39417,NA,NA,NA
91,0.9,NA,NA,NA,NA,NA,NA,NA,NA,NA,NA,NA,NA,NA,NA,NA,4.26962,1077.86597,-1470.57495,NA,NA,NA,NA,NA,NA,NA,NA,NA,NA,NA,NA,NA,NA,NA,NA,NA,NA,NA,NA,NA,NA,NA,NA,NA,NA,NA,-73.9895,421.09241,-1451.00403,NA,NA,NA,-82.14436,61.0716,-1467.10876,NA,NA,NA
92,0.91,NA,NA,NA,NA,NA,NA,NA,NA,NA,NA,NA,NA,NA,NA,NA,6.25037,1077.31677,-1472.36499,NA,NA,NA,NA,NA,NA,NA,NA,NA,NA,NA,NA,NA,NA,NA,NA,NA,NA,NA,NA,NA,NA,NA,NA,NA,NA,NA,-73.01805,420.85913,-1450.38171,NA,NA,NA,-81.69512,61.50634,-1467.65076,NA,NA,NA
93,0.92,NA,NA,NA,NA,NA,NA,NA,NA,NA,NA,NA,NA,NA,NA,NA,7.36173,1077.52173,-1472.3363,NA,NA,NA,NA,NA,NA,NA,NA,NA,NA,NA,NA,NA,NA,NA,NA,NA,NA,NA,NA,NA,NA,NA,NA,NA,NA,NA,-72.28429,420.91873,-1449.94287,NA,NA,NA,-81.66139,61.52892,-1467.65723,NA,NA,NA
94,0.93,NA,NA,NA,NA,NA,NA,NA,NA,NA,NA,NA,NA,NA,NA,NA,8.43836,1077.43738,-1472.64099,NA,NA,NA,NA,NA,NA,NA,NA,NA,NA,NA,NA,NA,NA,NA,NA,NA,NA,NA,NA,NA,NA,NA,NA,NA,NA,NA,-70.26878,421.41986,-1451.67957,NA,NA,NA,-81.27018,61.37501,-1467.72815,NA,NA,NA
95,0.94,NA,NA,NA,NA,NA,NA,NA,NA,NA,NA,NA,NA,NA,NA,NA,9.05736,1077.60632,-1470.26941,NA,NA,NA,NA,NA,NA,NA,NA,NA,NA,NA,NA,NA,NA,NA,NA,NA,NA,NA,NA,NA,NA,NA,NA,NA,NA,NA,-67.9768,421.59552,-1452.20996,NA,NA,NA,-81.03886,61.29953,-1467.79163,NA,NA,NA
96,0.95,NA,NA,NA,NA,NA,NA,NA,NA,NA,NA,NA,NA,NA,NA,NA,10.59899,1077.42957,-1469.51477,NA,NA,NA,NA,NA,NA,NA,NA,NA,NA,NA,NA,NA,NA,NA,NA,NA,NA,NA,NA,NA,NA,NA,NA,NA,NA,NA,-67.56598,421.22983,-1451.66577,NA,NA,NA,-80.84962,61.27024,-1467.84265,NA,NA,NA
97,0.96,NA,NA,NA,NA,NA,NA,NA,NA,NA,NA,NA,NA,NA,NA,NA,12.87456,1077.00391,-1470.32385,NA,NA,NA,NA,NA,NA,NA,NA,NA,NA,NA,NA,NA,NA,NA,NA,NA,NA,NA,NA,NA,NA,NA,NA,NA,NA,NA,-66.41991,421.909,-1452.36206,NA,NA,NA,-80.15487,61.3019,-1468.80298,NA,NA,NA
98,0.97,NA,NA,NA,NA,NA,NA,NA,NA,NA,NA,NA,NA,NA,NA,NA,14.10751,1077.04187,-1470.19299,NA,NA,NA,NA,NA,NA,NA,NA,NA,NA,NA,NA,NA,NA,NA,NA,NA,NA,NA,NA,NA,NA,NA,NA,NA,NA,NA,-65.43332,421.45966,-1451.30054,NA,NA,NA,-79.35155,60.73895,-1468.93494,NA,NA,NA
99,0.98,NA,NA,NA,NA,NA,NA,NA,NA,NA,NA,NA,NA,NA,NA,NA,15.37094,1076.81531,-1470.10938,NA,NA,NA,NA,NA,NA,NA,NA,NA,NA,NA,NA,NA,NA,NA,NA,NA,NA,NA,NA,NA,NA,NA,NA,NA,NA,NA,-64.63342,421.46835,-1451.63672,NA,NA,NA,-79.26485,60.71721,-1468.87769,NA,NA,NA
100,0.99,NA,NA,NA,NA,NA,NA,NA,NA,NA,NA,NA,NA,NA,NA,NA,16.69991,1076.75415,-1469.23315,NA,NA,NA,NA,NA,NA,NA,NA,NA,NA,NA,NA,NA,NA,NA,NA,NA,NA,NA,NA,NA,NA,NA,NA,NA,NA,NA,-63.29699,421.46176,-1451.03979,NA,NA,NA,-79.02028,60.71712,-1468.69946,NA,NA,NA
101,1,NA,NA,NA,NA,NA,NA,NA,NA,NA,NA,NA,NA,NA,NA,NA,19.1797,1076.05481,-1469.94055,NA,NA,NA,NA,NA,NA,NA,NA,NA,NA,NA,NA,NA,NA,NA,NA,NA,NA,NA,NA,NA,NA,NA,NA,NA,NA,NA,-61.31671,421.48996,-1451.19446,NA,NA,NA,-78.8265,60.76823,-1468.4259,NA,NA,NA
102,1.01,NA,NA,NA,NA,NA,NA,NA,NA,NA,NA,NA,NA,NA,NA,NA,21.64791,1075.94385,-1470.34509,NA,NA,NA,NA,NA,NA,NA,NA,NA,NA,NA,NA,-218.8147,904.66418,-1610.48328,NA,NA,NA,NA,NA,NA,NA,NA,NA,NA,NA,NA,-61.00494,420.9761,-1450.89868,NA,NA,NA,-78.74333,60.67194,-1468.30127,NA,NA,NA
103,1.02,NA,NA,NA,NA,NA,NA,NA,NA,NA,NA,NA,NA,NA,NA,NA,22.72503,1075.37219,-1468.71399,NA,NA,NA,NA,NA,NA,NA,NA,NA,NA,NA,NA,-217.92004,904.49249,-1610.66772,NA,NA,NA,NA,NA,NA,NA,NA,NA,NA,NA,NA,-60.50317,420.72498,-1449.94409,NA,NA,NA,-78.64281,60.70018,-1467.8042,NA,NA,NA
104,1.03,NA,NA,NA,NA,NA,NA,NA,NA,NA,NA,NA,NA,NA,NA,NA,24.16014,1074.80518,-1467.69604,NA,NA,NA,NA,NA,NA,NA,NA,NA,NA,NA,NA,-217.09671,903.87396,-1610.26331,NA,NA,NA,NA,NA,NA,NA,NA,NA,NA,NA,NA,-60.81596,419.53433,-1448.51685,NA,NA,NA,-78.32137,60.46703,-1467.90198,NA,NA,NA
105,1.04,NA,NA,NA,NA,NA,NA,NA,NA,NA,NA,NA,NA,NA,NA,NA,25.7563,1074.68481,-1467.35107,NA,NA,NA,NA,NA,NA,NA,NA,NA,NA,NA,NA,-216.22357,903.13031,-1609.5293,NA,NA,NA,NA,NA,NA,NA,NA,NA,NA,NA,NA,-60.29401,419.06549,-1448.03699,NA,NA,NA,-78.12864,60.25857,-1467.89758,NA,NA,NA
106,1.05,NA,NA,NA,NA,NA,NA,NA,NA,NA,NA,NA,NA,NA,NA,NA,28.08956,1074.44556,-1466.85168,NA,NA,NA,NA,NA,NA,NA,NA,NA,NA,NA,NA,-215.39897,902.38184,-1609.17102,NA,NA,NA,NA,NA,NA,NA,NA,NA,NA,NA,NA,-59.59253,420.1788,-1448.41138,NA,NA,NA,-78.01186,60.23643,-1467.46521,NA,NA,NA
107,1.06,NA,NA,NA,NA,NA,NA,NA,NA,NA,NA,NA,NA,NA,NA,NA,30.58329,1073.11755,-1467.27771,NA,NA,NA,NA,NA,NA,NA,NA,NA,NA,NA,NA,-214.44099,902.02118,-1608.98242,NA,NA,NA,NA,NA,NA,NA,NA,NA,NA,NA,NA,-59.17522,419.76392,-1448.00317,NA,NA,NA,-77.58765,59.55458,-1467.46851,NA,NA,NA
108,1.07,NA,NA,NA,NA,NA,NA,NA,NA,NA,NA,NA,NA,NA,NA,NA,31.20584,1073.36414,-1464.09009,NA,NA,NA,NA,NA,NA,NA,NA,NA,NA,NA,NA,-213.43523,901.13623,-1607.89111,NA,NA,NA,NA,NA,NA,NA,NA,NA,NA,NA,NA,-58.60215,419.02185,-1447.41223,NA,NA,NA,-77.38734,59.59341,-1466.79871,NA,NA,NA
109,1.08,NA,NA,NA,NA,NA,NA,NA,NA,NA,NA,NA,NA,NA,NA,NA,33.62474,1073.03992,-1466.04126,NA,NA,NA,NA,NA,NA,NA,NA,NA,NA,NA,NA,-212.30151,900.2854,-1607.05432,NA,NA,NA,NA,NA,NA,NA,NA,NA,NA,NA,NA,-57.84393,418.84174,-1447.60364,NA,NA,NA,-77.1431,59.07919,-1467.41663,NA,NA,NA
110,1.09,NA,NA,NA,NA,NA,NA,NA,NA,NA,NA,NA,NA,NA,NA,NA,36.64117,1072.15637,-1467.27893,NA,NA,NA,NA,NA,NA,NA,NA,NA,NA,NA,NA,-211.2074,899.97577,-1606.82471,NA,NA,NA,NA,NA,NA,NA,NA,NA,NA,NA,NA,-56.89693,418.3598,-1447.82654,NA,NA,NA,-76.64316,58.77575,-1467.33777,NA,NA,NA
111,1.1,NA,NA,NA,NA,NA,NA,NA,NA,NA,NA,NA,NA,NA,NA,NA,37.51476,1072.48352,-1463.72839,NA,NA,NA,NA,NA,NA,NA,NA,NA,NA,NA,NA,-209.92755,899.67682,-1606.32117,NA,NA,NA,NA,NA,NA,NA,NA,NA,NA,NA,NA,-56.18023,418.16232,-1448.36157,NA,NA,NA,-75.77418,58.08658,-1468.02856,NA,NA,NA
112,1.11,NA,NA,NA,NA,NA,NA,NA,NA,NA,NA,NA,NA,NA,NA,NA,38.12545,1072.96924,-1460.53357,NA,NA,NA,NA,NA,NA,NA,NA,NA,NA,NA,NA,-208.62836,899.54559,-1605.68713,NA,NA,NA,NA,NA,NA,NA,NA,NA,NA,NA,NA,-55.57006,417.79626,-1447.396,NA,NA,NA,-75.20223,58.07283,-1468.78528,NA,NA,NA
113,1.12,NA,NA,NA,NA,NA,NA,NA,NA,NA,NA,NA,NA,NA,NA,NA,41.25266,1072.94116,-1464.47449,NA,NA,NA,NA,NA,NA,NA,NA,NA,NA,NA,NA,-207.26982,899.46039,-1604.98108,NA,NA,NA,NA,NA,NA,NA,NA,NA,NA,NA,NA,-55.11554,417.79657,-1446.58667,NA,NA,NA,-74.71484,58.01279,-1468.66931,NA,NA,NA
114,1.13,NA,NA,NA,NA,NA,NA,NA,NA,NA,NA,NA,NA,NA,NA,NA,42.59303,1072.67712,-1464.00647,NA,NA,NA,NA,NA,NA,NA,NA,NA,NA,NA,NA,-205.85703,899.63623,-1604.31165,NA,NA,NA,NA,NA,NA,NA,NA,NA,NA,NA,NA,-54.64456,417.37405,-1446.38379,NA,NA,NA,-74.45125,57.86831,-1468.85547,NA,NA,NA
115,1.14,NA,NA,NA,NA,NA,NA,NA,NA,NA,NA,NA,NA,NA,NA,NA,43.64718,1072.8678,-1462.11865,NA,NA,NA,NA,NA,NA,NA,NA,NA,NA,NA,NA,-204.3506,899.96149,-1603.8656,NA,NA,NA,NA,NA,NA,NA,NA,NA,NA,NA,NA,-53.30353,418.07407,-1447.30103,NA,NA,NA,-74.30071,57.73878,-1468.97363,NA,NA,NA
116,1.15,NA,NA,NA,NA,NA,NA,NA,NA,NA,NA,NA,NA,NA,NA,NA,44.22165,1073.61108,-1458.88928,NA,NA,NA,NA,NA,NA,NA,NA,NA,NA,NA,NA,-202.9395,900.31628,-1603.37439,NA,NA,NA,NA,NA,NA,NA,NA,NA,NA,NA,NA,-52.6384,418.07214,-1446.91162,NA,NA,NA,-74.26031,57.92771,-1468.64087,NA,NA,NA
117,1.16,NA,NA,NA,NA,NA,NA,NA,NA,NA,NA,NA,NA,NA,NA,NA,45.35854,1074.0896,-1458.32813,NA,NA,NA,NA,NA,NA,NA,NA,NA,NA,NA,NA,-201.53217,900.58173,-1602.76355,NA,NA,NA,NA,NA,NA,NA,NA,NA,NA,NA,NA,-51.19779,417.89618,-1447.40833,NA,NA,NA,-73.70787,58.44186,-1468.89978,NA,NA,NA
118,1.17,NA,NA,NA,NA,NA,NA,NA,NA,NA,NA,NA,NA,NA,NA,NA,47.5396,1074.34692,-1460.19739,NA,NA,NA,NA,NA,NA,NA,NA,NA,NA,NA,NA,-200.31378,900.86243,-1602.2644,NA,NA,NA,NA,NA,NA,NA,NA,NA,NA,NA,NA,-49.57527,417.82962,-1447.55188,NA,NA,NA,-73.54163,58.46498,-1468.96082,NA,NA,NA
119,1.18,NA,NA,NA,NA,NA,NA,NA,NA,NA,NA,NA,NA,NA,NA,NA,47.83266,1074.79834,-1458.07141,NA,NA,NA,NA,NA,NA,NA,NA,NA,NA,NA,NA,-199.00392,900.66736,-1600.72998,NA,NA,NA,NA,NA,NA,NA,NA,NA,NA,NA,NA,-48.702,417.49084,-1446.74353,NA,NA,NA,-73.14497,58.40075,-1468.83728,NA,NA,NA
120,1.19,NA,NA,NA,NA,NA,NA,NA,NA,NA,NA,NA,NA,NA,NA,NA,48.05476,1075.10132,-1456.41992,NA,NA,NA,NA,NA,NA,NA,NA,NA,NA,NA,NA,-198.10851,900.82922,-1600.48145,NA,NA,NA,-169.22318,1016.16669,-1354.1366,NA,NA,NA,NA,NA,NA,-47.10144,417.85959,-1448.42578,NA,NA,NA,-72.39193,58.62859,-1469.47192,NA,NA,NA
121,1.2,NA,NA,NA,NA,NA,NA,NA,NA,NA,NA,NA,NA,NA,NA,NA,52.23954,1075.13989,-1463.79016,NA,NA,NA,NA,NA,NA,NA,NA,NA,NA,NA,NA,-197.19305,900.48132,-1599.08569,NA,NA,NA,-168.966,1015.66296,-1353.47949,NA,NA,NA,NA,NA,NA,-46.12766,417.51071,-1447.66467,NA,NA,NA,-71.81779,58.45364,-1468.50818,NA,NA,NA
122,1.21,NA,NA,NA,NA,NA,NA,NA,NA,NA,NA,NA,NA,NA,NA,NA,49.94682,1074.75146,-1454.20105,NA,NA,NA,NA,NA,NA,NA,NA,NA,NA,NA,NA,-196.4493,900.37036,-1598.6936,NA,NA,NA,-168.81238,1015.83881,-1352.4762,NA,NA,NA,NA,NA,NA,-45.51868,417.33661,-1447.59717,NA,NA,NA,-71.5261,58.37122,-1468.51343,NA,NA,NA
123,1.22,NA,NA,NA,NA,NA,NA,NA,NA,NA,NA,NA,NA,NA,NA,NA,50.98631,1074.8042,-1452.24158,NA,NA,NA,NA,NA,NA,NA,NA,NA,NA,NA,NA,-195.76678,899.6413,-1597.08228,NA,NA,NA,-168.67419,1015.93982,-1351.56616,NA,NA,NA,NA,NA,NA,-42.83723,417.27798,-1448.41638,NA,NA,NA,-70.89421,57.83504,-1468.96875,NA,NA,NA
124,1.23,NA,NA,NA,NA,NA,NA,NA,NA,NA,NA,NA,NA,NA,NA,NA,51.49997,1074.90771,-1449.9906,NA,NA,NA,NA,NA,NA,NA,NA,NA,NA,NA,NA,-195.14438,899.25134,-1596.18567,NA,NA,NA,-168.57431,1015.94385,-1350.89905,NA,NA,NA,NA,NA,NA,-42.76087,415.99329,-1446.89209,NA,NA,NA,-69.95818,57.50907,-1469.82092,NA,NA,NA
125,1.24,NA,NA,NA,NA,NA,NA,NA,NA,NA,NA,NA,NA,NA,NA,NA,51.8721,1075.22998,-1447.35132,NA,NA,NA,NA,NA,NA,NA,NA,NA,NA,NA,NA,-194.33844,898.80646,-1594.78137,NA,NA,NA,-169.41534,1015.21405,-1347.31458,NA,NA,NA,NA,NA,NA,-41.77488,416.26776,-1447.69153,NA,NA,NA,-68.65041,56.96463,-1469.75842,NA,NA,NA
126,1.25,NA,NA,NA,NA,NA,NA,NA,NA,NA,NA,NA,NA,NA,NA,NA,52.25727,1075.15356,-1445.78833,NA,NA,NA,NA,NA,NA,NA,NA,NA,NA,NA,NA,-193.69691,898.6947,-1594.07568,NA,NA,NA,-169.41911,1015.03992,-1347.31787,NA,NA,NA,NA,NA,NA,-40.85489,416.66205,-1448.31226,NA,NA,NA,-68.05042,56.81121,-1469.54663,NA,NA,NA
127,1.26,NA,NA,NA,NA,NA,NA,NA,NA,NA,NA,NA,NA,NA,NA,NA,52.63309,1074.75732,-1443.26184,NA,NA,NA,NA,NA,NA,NA,NA,NA,NA,NA,NA,-193.18761,898.28845,-1592.49597,NA,NA,NA,-170.30005,1015.7821,-1344.72424,NA,NA,NA,NA,NA,NA,-40.00912,416.11865,-1447.10315,NA,NA,NA,-67.72222,56.81279,-1468.98962,NA,NA,NA
128,1.27,NA,NA,NA,NA,NA,NA,NA,NA,NA,NA,NA,NA,NA,NA,NA,53.41791,1073.44299,-1442.30212,NA,NA,NA,NA,NA,NA,NA,NA,NA,NA,NA,NA,-192.95457,898.01904,-1591.56506,NA,NA,NA,-170.88019,1015.72516,-1342.70459,NA,NA,NA,NA,NA,NA,-39.88123,416.16302,-1446.81238,NA,NA,NA,-67.43445,56.66292,-1468.79822,NA,NA,NA
129,1.28,NA,NA,NA,NA,NA,NA,NA,NA,NA,NA,NA,NA,NA,NA,NA,53.67846,1073.37854,-1440.3833,NA,NA,NA,NA,NA,NA,NA,NA,NA,NA,NA,NA,-192.65166,897.59143,-1590.1051,NA,NA,NA,-170.84378,1015.68079,-1342.45667,-302.32339,987.60516,-1350.63159,NA,NA,NA,-39.27207,416.116,-1446.38672,NA,NA,NA,-67.2394,56.47592,-1468.77747,NA,NA,NA
130,1.29,NA,NA,NA,NA,NA,NA,NA,NA,NA,NA,NA,NA,NA,NA,NA,53.13855,1072.97559,-1436.20581,NA,NA,NA,NA,NA,NA,NA,NA,NA,NA,NA,NA,-192.3708,897.20721,-1588.71582,NA,NA,NA,-170.91556,1015.42639,-1342.90137,-302.40714,987.49884,-1351.11243,NA,NA,NA,-38.98258,416.09274,-1446.01514,NA,NA,NA,-66.96164,56.09081,-1468.60474,NA,NA,NA
131,1.3,NA,NA,NA,NA,NA,NA,NA,NA,NA,NA,NA,NA,NA,NA,NA,52.5727,1072.54614,-1432.14441,NA,NA,NA,NA,NA,NA,NA,NA,NA,NA,NA,NA,-192.0497,896.96198,-1587.50354,NA,NA,NA,-170.95166,1015.1814,-1343.10938,-302.56528,987.30988,-1352.02271,NA,NA,NA,-39.18267,414.91837,-1443.98596,NA,NA,NA,-66.39957,55.60854,-1469.20349,NA,NA,NA
132,1.31,NA,NA,NA,NA,NA,NA,NA,NA,NA,NA,NA,NA,NA,NA,NA,53.06553,1072.31079,-1430.61353,NA,NA,NA,NA,NA,NA,NA,NA,NA,NA,NA,NA,-191.69191,896.64532,-1585.93896,NA,NA,NA,-172.4649,1015.8031,-1338.85156,-303.53033,988.07947,-1349.59595,NA,NA,NA,-38.98468,415.28607,-1442.84424,NA,NA,NA,-65.74024,55.74345,-1469.8468,NA,NA,NA
133,1.32,NA,NA,NA,NA,NA,NA,NA,NA,NA,NA,NA,NA,NA,NA,NA,53.36852,1072.48315,-1428.63391,NA,NA,NA,NA,NA,NA,NA,NA,NA,NA,NA,NA,-191.3129,896.5816,-1584.67871,NA,NA,NA,-173.31277,1015.7301,-1337.09827,-304.16003,987.52661,-1349.1134,NA,NA,NA,-39.20094,414.78958,-1441.2937,NA,NA,NA,-65.34151,55.05309,-1469.58643,NA,NA,NA
134,1.33,NA,NA,NA,NA,NA,NA,NA,NA,NA,NA,NA,NA,NA,NA,NA,52.56327,1071.96277,-1424.12341,NA,NA,NA,NA,NA,NA,NA,NA,NA,NA,NA,NA,-190.8927,896.13354,-1582.68579,NA,NA,NA,-174.108,1014.97949,-1335.23999,-305.51794,988.42352,-1346.151,NA,NA,NA,-40.63073,413.21649,-1438.71851,NA,NA,NA,-64.95638,54.76214,-1469.57117,NA,NA,NA
135,1.34,NA,NA,NA,NA,NA,NA,NA,NA,NA,NA,NA,NA,NA,NA,NA,51.84813,1071.80176,-1421.81641,NA,NA,NA,NA,NA,NA,NA,NA,NA,NA,NA,NA,-190.54872,896.05157,-1581.12585,NA,NA,NA,-175.42717,1014.69293,-1332.37146,-305.62018,988.16132,-1346.71252,NA,NA,NA,-40.72317,413.56219,-1438.05542,NA,NA,NA,-64.80986,54.7328,-1469.41199,NA,NA,NA
136,1.35,NA,NA,NA,NA,NA,NA,NA,NA,NA,NA,NA,NA,NA,NA,NA,50.92027,1071.49683,-1417.84155,NA,NA,NA,NA,NA,NA,NA,NA,NA,NA,NA,NA,-190.20113,895.99091,-1579.46436,NA,NA,NA,-176.14116,1013.47675,-1330.52173,-307.40765,988.72424,-1342.13147,NA,NA,NA,-41.39223,413.3382,-1436.677,NA,NA,NA,-64.01927,54.4232,-1469.83459,NA,NA,NA
137,1.36,NA,NA,NA,NA,NA,NA,NA,NA,NA,NA,NA,NA,NA,NA,NA,50.35921,1071.24475,-1414.82776,NA,NA,NA,NA,NA,NA,NA,NA,NA,NA,NA,NA,-189.91623,895.89642,-1577.63647,NA,NA,NA,-176.22382,1013.05493,-1331.01355,-308.19153,987.52783,-1340.81775,NA,NA,NA,-42.02298,413.17111,-1435.11182,NA,NA,NA,-63.84172,54.40453,-1469.52942,NA,NA,NA
138,1.37,NA,NA,NA,NA,NA,NA,NA,NA,NA,NA,NA,NA,NA,NA,NA,48.61908,1071.33447,-1409.17627,NA,NA,NA,NA,NA,NA,NA,NA,NA,NA,NA,NA,-189.64349,895.84802,-1575.51978,NA,NA,NA,-177.01701,1013.52258,-1328.10791,-308.353,987.05817,-1341.6925,NA,NA,NA,-43.45923,413.18686,-1433.47876,NA,NA,NA,-63.35488,53.59496,-1469.39136,NA,NA,NA
139,1.38,NA,NA,NA,NA,NA,NA,NA,NA,NA,NA,NA,NA,NA,NA,NA,48.66633,1070.91711,-1407.85645,NA,NA,NA,NA,NA,NA,NA,NA,NA,NA,NA,NA,-189.4888,895.97687,-1573.42017,NA,NA,NA,-178.27687,1013.85535,-1323.07385,-308.46869,986.61426,-1342.30005,NA,NA,NA,-45.57455,411.78522,-1430.23547,NA,NA,NA,-62.39713,52.99118,-1469.29651,NA,NA,NA
140,1.39,NA,NA,NA,NA,NA,NA,NA,NA,NA,NA,NA,NA,NA,NA,NA,46.77673,1070.83752,-1402.31287,NA,NA,NA,NA,NA,NA,NA,NA,NA,NA,NA,NA,-189.4144,896.18604,-1571.45129,NA,NA,NA,-178.46306,1012.24219,-1322.43372,-309.80688,987.35553,-1337.44128,NA,NA,NA,-46.19866,411.58755,-1429.40967,NA,NA,NA,-61.95794,52.54595,-1469.48547,NA,NA,NA
141,1.4,NA,NA,NA,NA,NA,NA,NA,NA,NA,NA,NA,NA,NA,NA,NA,45.89651,1071.35852,-1399.8313,NA,NA,NA,NA,NA,NA,NA,NA,NA,NA,NA,NA,-189.44806,896.40881,-1569.22852,NA,NA,NA,-180.24385,1012.73383,-1317.42444,-310.67035,986.32513,-1334.3064,NA,NA,NA,-47.56149,411.34076,-1429.1095,NA,NA,NA,-61.4171,52.4757,-1469.05042,NA,NA,NA
142,1.41,NA,NA,NA,NA,NA,NA,NA,NA,NA,NA,NA,NA,NA,NA,NA,44.82657,1071.36731,-1397.25903,NA,NA,NA,NA,NA,NA,NA,NA,NA,NA,NA,NA,-189.54001,896.86151,-1567.42029,NA,NA,NA,-180.97739,1011.41992,-1315.71216,-310.66162,986.07648,-1334.21118,NA,NA,NA,-48.88529,410.77023,-1427.0376,NA,NA,NA,-61.18637,51.90544,-1468.78271,NA,NA,NA
143,1.42,NA,NA,NA,NA,NA,NA,NA,NA,NA,NA,NA,NA,NA,NA,NA,43.13466,1071.46765,-1392.05518,NA,NA,NA,NA,NA,NA,NA,NA,NA,NA,NA,NA,-189.61763,897.06232,-1564.80151,NA,NA,NA,-181.08931,1010.89429,-1316.37622,-312.81192,986.50677,-1327.0498,NA,NA,NA,-50.79508,410.94089,-1425.38,NA,NA,NA,-61.01856,51.91899,-1468.72083,NA,NA,NA
144,1.43,NA,NA,NA,NA,NA,NA,NA,NA,NA,NA,NA,NA,NA,NA,NA,43.09289,1071.5238,-1391.82703,NA,NA,NA,NA,NA,NA,NA,NA,NA,NA,NA,NA,-189.83177,897.66174,-1562.98059,NA,NA,NA,-182.64752,1011.18622,-1312.46887,-313.26144,984.85181,-1328.44116,NA,NA,NA,-51.64346,411.44952,-1424.14136,NA,NA,NA,-60.8741,51.98471,-1468.71741,NA,NA,NA
145,1.44,NA,NA,NA,NA,NA,NA,NA,NA,NA,NA,NA,NA,NA,NA,NA,40.68658,1071.73853,-1385.60083,NA,NA,NA,NA,NA,NA,NA,NA,NA,NA,NA,NA,-189.90387,897.90112,-1560.05408,NA,NA,NA,-183.63368,1009.91632,-1309.86719,-313.60538,983.93622,-1330.30383,NA,NA,NA,-52.97772,411.25076,-1423.81921,NA,NA,NA,-60.82311,51.96847,-1468.67969,NA,NA,NA
146,1.45,NA,NA,NA,NA,NA,NA,NA,NA,NA,NA,NA,NA,NA,NA,NA,39.26745,1072.36804,-1382.95667,NA,NA,NA,NA,NA,NA,NA,NA,NA,NA,NA,NA,-190.15363,898.47845,-1558.18152,NA,NA,NA,-185.93312,1009.78125,-1301.9104,-315.99429,984.38245,-1325.0542,NA,NA,NA,-53.73332,411.03082,-1422.52515,NA,NA,NA,-60.2905,51.55516,-1468.50024,NA,NA,NA
147,1.46,NA,NA,NA,NA,NA,NA,NA,NA,NA,NA,NA,NA,NA,NA,NA,36.89126,1072.63159,-1377.17957,NA,NA,NA,NA,NA,NA,NA,NA,NA,NA,NA,NA,-190.28142,898.83783,-1555.44727,NA,NA,NA,-186.27264,1008.36823,-1303.93335,-317.60287,984.03723,-1321.97485,NA,NA,NA,-55.65506,410.94977,-1420.59424,NA,NA,NA,-60.26388,51.56821,-1468.50049,NA,NA,NA
148,1.47,NA,NA,NA,NA,NA,NA,NA,NA,NA,NA,NA,NA,NA,NA,NA,35.73421,1072.95654,-1375.1947,NA,NA,NA,NA,NA,NA,NA,NA,NA,NA,NA,NA,-190.45595,899.11554,-1552.70776,NA,NA,NA,-189.03735,1008.12378,-1300.65308,-319.07394,982.76361,-1321.59631,NA,NA,NA,-57.68273,410.14139,-1417.64697,NA,NA,NA,-60.02943,51.66309,-1468.06372,NA,NA,NA
149,1.48,NA,NA,NA,NA,NA,NA,NA,NA,NA,NA,NA,NA,NA,NA,NA,33.4687,1072.82568,-1369.55664,NA,NA,NA,NA,NA,NA,NA,NA,NA,NA,NA,NA,-190.70549,899.14203,-1549.76819,NA,NA,NA,-191.17296,1007.20667,-1296.24194,-321.09109,982.32629,-1320.68982,NA,NA,NA,-58.3924,410.24435,-1417.25354,NA,NA,NA,-60.05566,51.66759,-1468.07947,NA,NA,NA
150,1.49,NA,NA,NA,NA,NA,NA,NA,NA,NA,NA,NA,NA,NA,NA,NA,32.63742,1072.7334,-1367.56238,NA,NA,NA,NA,NA,NA,NA,NA,NA,NA,NA,NA,-191.03128,899.65045,-1547.20251,NA,NA,NA,-192.71457,1006.32312,-1295.51868,-324.21637,983.36444,-1314.24036,NA,NA,NA,-58.90997,410.08121,-1417.03796,NA,NA,NA,-59.91175,51.59978,-1468.00366,NA,NA,NA
151,1.5,NA,NA,NA,NA,NA,NA,NA,NA,NA,NA,NA,NA,NA,NA,NA,30.12931,1072.7666,-1361.27295,NA,NA,NA,NA,NA,NA,NA,NA,NA,NA,NA,NA,-191.55298,899.99103,-1544.64099,NA,NA,NA,-195.55969,1006.25305,-1290.9635,-324.53967,981.88055,-1314.90613,NA,NA,NA,-60.22914,409.22931,-1415.21643,NA,NA,NA,-59.86939,51.56224,-1467.95007,NA,NA,NA
152,1.51,NA,NA,NA,NA,NA,NA,NA,NA,NA,NA,NA,NA,NA,NA,NA,28.2831,1073.47131,-1358.14478,NA,NA,NA,NA,NA,NA,NA,NA,NA,NA,NA,NA,-192.13522,899.62201,-1541.11035,NA,NA,NA,-197.8038,1006.17181,-1286.50586,-327.3728,981.16327,-1311.64111,NA,NA,NA,-61.29179,409.3638,-1413.24231,NA,NA,NA,-59.84108,51.71291,-1467.63831,NA,NA,NA
153,1.52,NA,NA,NA,NA,NA,NA,NA,NA,NA,NA,NA,NA,NA,NA,NA,26.27754,1073.3092,-1353.24158,NA,NA,NA,NA,NA,NA,NA,NA,NA,NA,NA,NA,-192.78944,899.7467,-1538.30212,NA,NA,NA,-200.2074,1004.42902,-1283.76697,-330.38858,979.8233,-1308.39282,NA,NA,NA,-62.8056,409.74252,-1411.59021,NA,NA,NA,-60.1764,50.71681,-1466.86475,NA,NA,NA
154,1.53,NA,NA,NA,NA,NA,NA,NA,NA,NA,NA,NA,NA,NA,NA,NA,23.22896,1073.43665,-1346.45203,NA,NA,NA,NA,NA,NA,NA,NA,NA,NA,NA,NA,-193.62282,899.70679,-1535.02576,NA,NA,NA,-203.18147,1003.73071,-1281.85437,-331.99768,979.32239,-1310.37781,NA,NA,NA,-64.36934,408.26016,-1408.57239,NA,NA,NA,-60.1764,50.71681,-1466.86475,NA,NA,NA
155,1.54,NA,NA,NA,NA,NA,NA,NA,NA,NA,NA,NA,NA,NA,NA,NA,22.47915,1073.09924,-1345.64551,NA,NA,NA,NA,NA,NA,NA,NA,NA,NA,NA,NA,-194.60931,899.80463,-1532.09802,NA,NA,NA,-206.17772,1003.39935,-1277.48633,-335.68289,979.01251,-1305.15466,NA,NA,NA,-65.46474,407.70316,-1406.42139,NA,NA,NA,-60.30196,50.82372,-1466.76147,NA,NA,NA
156,1.55,NA,NA,NA,NA,NA,NA,NA,NA,NA,NA,NA,NA,NA,NA,NA,19.23058,1073.21411,-1337.77795,NA,NA,NA,NA,NA,NA,NA,NA,NA,NA,NA,NA,-195.83983,899.81415,-1529.09009,NA,NA,NA,-208.96976,1001.86255,-1274.85962,-337.74127,978.29041,-1300.3584,NA,NA,NA,-65.13361,408.73575,-1406.35535,NA,NA,NA,-60.30196,50.82372,-1466.76147,NA,NA,NA
157,1.56,NA,NA,NA,NA,NA,NA,NA,NA,NA,NA,NA,NA,NA,NA,NA,16.81929,1072.1908,-1331.37781,NA,NA,NA,NA,NA,NA,NA,NA,NA,NA,NA,NA,-197.13298,899.52307,-1525.50916,NA,NA,NA,-212.2787,1001.88568,-1268.09009,-341.49756,977.94183,-1295.34924,NA,NA,NA,-66.81562,408.28226,-1403.36658,NA,NA,NA,-60.30196,50.82372,-1466.76147,NA,NA,NA
158,1.57,NA,NA,NA,NA,NA,NA,NA,NA,NA,NA,NA,NA,NA,NA,NA,14.6092,1072.13562,-1326.4519,NA,NA,NA,NA,NA,NA,NA,NA,NA,NA,NA,NA,-198.68156,899.20386,-1522.00769,NA,NA,NA,-214.46802,1000.87268,-1268.30652,-342.53003,976.16058,-1300.93774,NA,NA,NA,-68.75629,408.49402,-1401.73206,NA,NA,NA,-60.23606,50.94263,-1466.43958,NA,NA,NA
159,1.58,NA,NA,NA,NA,NA,NA,NA,NA,NA,NA,NA,NA,NA,NA,NA,11.89025,1072.16785,-1322.07239,NA,NA,NA,NA,NA,NA,NA,NA,NA,NA,NA,NA,-200.39767,899.31171,-1519.03418,NA,NA,NA,-218.32549,999.37482,-1262.87036,-346.85089,975.76593,-1294.65979,NA,NA,NA,-70.50223,408.01364,-1399.64771,NA,NA,NA,-59.98249,51.0595,-1465.93323,NA,NA,NA
160,1.59,NA,NA,NA,NA,NA,NA,NA,NA,NA,NA,NA,NA,NA,NA,NA,8.36349,1071.66565,-1313.1709,NA,NA,NA,NA,NA,NA,NA,NA,NA,NA,NA,NA,-202.27206,899.43182,-1516.07666,NA,NA,NA,-220.62506,998.24646,-1263.65308,-349.22977,974.04443,-1291.34143,NA,NA,NA,-71.58971,406.12442,-1397.37793,NA,NA,NA,-59.98249,51.0595,-1465.93323,NA,NA,NA
161,1.6,NA,NA,NA,NA,NA,NA,NA,NA,NA,NA,NA,NA,NA,NA,NA,6.01831,1070.51111,-1310.13135,NA,NA,NA,NA,NA,NA,NA,NA,NA,NA,NA,NA,-204.21126,899.12335,-1512.36694,NA,NA,NA,-224.70483,997.80664,-1255.61914,-352.84082,973.53741,-1285.77966,NA,NA,NA,-74.09584,405.89655,-1394.2572,NA,NA,NA,-59.71534,51.07092,-1465.64014,NA,NA,NA
162,1.61,NA,NA,NA,NA,NA,NA,NA,NA,NA,NA,NA,NA,NA,NA,NA,1.93022,1069.85974,-1302.21631,NA,NA,NA,NA,NA,NA,NA,NA,NA,NA,NA,NA,-206.40561,898.8811,-1508.776,NA,NA,NA,-227.91502,996.32825,-1252.90015,-356.04102,972.362,-1285.92065,NA,NA,NA,-75.78523,406.1611,-1392.58496,NA,NA,NA,-59.67445,51.09497,-1465.54736,NA,NA,NA
163,1.62,NA,NA,NA,NA,NA,NA,NA,NA,NA,NA,NA,NA,NA,NA,NA,-1.57016,1068.96899,-1297.56763,NA,NA,NA,NA,NA,NA,NA,NA,NA,NA,NA,NA,-208.6713,898.60614,-1505.36511,NA,NA,NA,-231.69579,995.95477,-1249.19434,-359.78174,971.29816,-1282.32544,NA,NA,NA,-77.10258,405.57538,-1391.29626,NA,NA,NA,-59.67445,51.09497,-1465.54736,NA,NA,NA
164,1.63,NA,NA,NA,NA,NA,NA,NA,NA,NA,NA,NA,NA,NA,NA,NA,-5.02569,1068.33057,-1292.10156,NA,NA,NA,NA,NA,NA,NA,NA,NA,NA,NA,NA,-211.10159,898.07861,-1501.59937,NA,NA,NA,-235.85779,993.4978,-1245.63269,-362.58939,969.85046,-1278.00464,NA,NA,NA,-78.78721,405.72617,-1388.86658,NA,NA,NA,-59.682,51.22181,-1465.28223,NA,NA,NA
165,1.64,NA,NA,NA,NA,NA,NA,NA,NA,NA,NA,NA,NA,NA,NA,NA,-9.71485,1066.9519,-1282.81409,NA,NA,NA,NA,NA,NA,NA,NA,NA,NA,NA,NA,-213.59088,898.08472,-1498.39917,NA,NA,NA,-239.35741,993.21613,-1240.69031,-366.31177,967.29279,-1279.52673,NA,NA,NA,-81.80273,404.19354,-1385.00903,NA,NA,NA,-59.682,51.22181,-1465.28223,NA,NA,NA
166,1.65,NA,NA,NA,NA,NA,NA,NA,NA,NA,NA,NA,NA,NA,NA,NA,-13.22585,1066.20801,-1275.96936,NA,NA,NA,NA,NA,NA,NA,NA,NA,NA,NA,NA,-216.12001,897.73016,-1494.59351,NA,NA,NA,-243.9182,991.79492,-1236.2478,-371.29248,968.7514,-1271.83911,NA,NA,NA,-82.85233,403.78342,-1384.23584,NA,NA,NA,-59.73861,51.34953,-1465.06458,NA,NA,NA
167,1.66,NA,NA,NA,NA,NA,NA,NA,NA,NA,NA,NA,NA,NA,NA,NA,-16.50486,1064.31677,-1273.67261,NA,NA,NA,NA,NA,NA,NA,NA,NA,NA,NA,NA,-218.847,897.11383,-1490.40332,NA,NA,NA,-248.83476,991.4704,-1231.10571,-374.38907,966.96283,-1269.11755,NA,NA,NA,-85.07224,403.46982,-1381.19373,NA,NA,NA,-59.63574,51.65765,-1464.29895,NA,NA,NA
168,1.67,NA,NA,NA,NA,NA,NA,NA,NA,NA,NA,NA,NA,NA,NA,NA,-22.29912,1063.14624,-1263.89209,NA,NA,NA,NA,NA,NA,NA,NA,NA,NA,NA,NA,-221.69386,896.97766,-1486.82849,NA,NA,NA,-251.95868,989.17004,-1228.52112,-379.11386,964.20831,-1268.32251,NA,NA,NA,-88.37232,402.92575,-1379.14734,NA,NA,NA,-59.65229,51.78644,-1464.0387,NA,NA,NA
169,1.68,NA,NA,NA,NA,NA,NA,NA,NA,NA,NA,NA,NA,NA,NA,NA,-26.24171,1062.67407,-1258.40442,NA,NA,NA,NA,NA,NA,NA,NA,NA,NA,NA,NA,-224.65944,896.20703,-1482.23584,NA,NA,NA,-256.43256,987.26172,-1226.73621,-383.47537,963.65002,-1262.49768,NA,NA,NA,-89.72998,402.1022,-1376.57239,NA,NA,NA,-59.71205,52.01246,-1463.61304,NA,NA,NA
170,1.69,NA,NA,NA,NA,NA,NA,NA,NA,NA,NA,NA,NA,NA,NA,NA,-31.33308,1060.99194,-1249.26038,NA,NA,NA,NA,NA,NA,NA,NA,NA,NA,NA,NA,-227.82257,895.70703,-1478.00256,NA,NA,NA,-261.69843,985.60248,-1221.10034,-387.8848,962.90283,-1256.93677,NA,NA,NA,-92.19645,401.84201,-1374.22034,NA,NA,NA,-59.82032,52.23097,-1463.25256,NA,NA,NA
171,1.7,NA,NA,NA,NA,NA,NA,NA,NA,NA,NA,NA,NA,NA,NA,NA,-35.9924,1059.59448,-1243.73328,NA,NA,NA,NA,NA,NA,NA,NA,NA,NA,NA,NA,-231.19,895.04376,-1473.72632,NA,NA,NA,-266.38171,985.13403,-1214.64197,-392.92041,959.85211,-1257.80579,NA,NA,NA,-94.81346,401.45776,-1372.30652,NA,NA,NA,-59.82032,52.23097,-1463.25256,NA,NA,NA
172,1.71,NA,NA,NA,NA,NA,NA,NA,NA,NA,NA,NA,NA,NA,NA,NA,-41.39492,1058.26099,-1236.84412,NA,NA,NA,NA,NA,NA,NA,NA,NA,NA,NA,NA,-234.83807,894.56415,-1469.90588,NA,NA,NA,-272.29279,983.35913,-1209.02917,-396.97061,960.15601,-1251.84058,NA,NA,NA,-96.628,401.44305,-1370.34106,NA,NA,NA,-59.82032,52.23097,-1463.25256,NA,NA,NA
173,1.72,NA,NA,NA,NA,NA,NA,NA,NA,NA,NA,NA,NA,NA,NA,NA,-47.00629,1056.75586,-1227.02771,NA,NA,NA,NA,NA,NA,NA,NA,NA,NA,NA,NA,-238.72693,893.84253,-1465.71484,NA,NA,NA,-276.20541,982.15784,-1206.2074,-401.60938,958.40131,-1250.80151,NA,NA,NA,-101.00817,399.43149,-1365.74353,NA,NA,NA,-60.09068,52.83821,-1463.23816,NA,NA,NA
174,1.73,NA,NA,NA,NA,NA,NA,NA,NA,NA,NA,NA,NA,NA,NA,NA,-51.35572,1055.37024,-1223.84497,NA,NA,NA,NA,NA,NA,NA,NA,NA,NA,NA,NA,-242.79727,893.43683,-1461.39624,NA,NA,NA,-281.53613,980.12732,-1205.21777,-407.04721,957.07867,-1243.59705,NA,NA,NA,-102.98553,399.65115,-1363.50378,NA,NA,NA,-60.42654,53.31202,-1462.55847,NA,NA,NA
175,1.74,NA,NA,NA,NA,NA,NA,NA,NA,NA,NA,NA,NA,NA,NA,NA,-56.81806,1053.41663,-1215.96069,NA,NA,NA,NA,NA,NA,NA,NA,NA,NA,NA,NA,-246.91319,892.4646,-1455.95251,NA,NA,NA,-287.04184,979.02795,-1197.88672,-412.77219,956.31403,-1238.97046,NA,NA,NA,-105.76494,400.30212,-1361.43213,NA,NA,NA,-60.15352,55.90874,-1463.33411,NA,NA,NA
176,1.75,NA,NA,NA,NA,NA,NA,NA,NA,NA,NA,NA,NA,NA,NA,NA,-62.40892,1051.83337,-1208.18408,NA,NA,NA,NA,NA,NA,NA,NA,NA,NA,NA,NA,-251.52641,892.3761,-1452.53467,NA,NA,NA,-292.0976,976.90155,-1195.96069,-418.13248,955.57336,-1235.31226,NA,NA,NA,-108.22709,399.75287,-1360.12476,NA,NA,NA,-60.10955,57.43101,-1463.67749,NA,NA,NA
177,1.76,NA,NA,NA,NA,NA,NA,NA,NA,NA,NA,NA,NA,NA,NA,NA,-68.91287,1050.75403,-1200.95398,NA,NA,NA,NA,NA,NA,NA,NA,NA,NA,NA,NA,-256.25073,891.40344,-1446.7627,NA,NA,NA,-298.42456,976.86133,-1187.46643,-422.71753,953.76263,-1232.18494,NA,NA,NA,-113.0032,398.21674,-1353.63123,NA,NA,NA,-60.60923,58.27868,-1462.36023,NA,NA,NA
178,1.77,NA,NA,NA,NA,NA,NA,NA,NA,NA,NA,NA,NA,NA,NA,NA,-75.72855,1048.88635,-1190.802,NA,NA,NA,NA,NA,NA,NA,NA,NA,NA,NA,NA,-261.2742,891.01837,-1441.87268,NA,NA,NA,-303.55124,974.77222,-1183.92603,-428.46976,952.73267,-1228.58423,NA,NA,NA,-115.28519,398.44467,-1350.63782,NA,NA,NA,-63.38027,57.59314,-1460.44409,NA,NA,NA
179,1.78,NA,NA,NA,-504.39612,1363.33105,-1322.40149,NA,NA,NA,NA,NA,NA,NA,NA,NA,-81.70863,1047.87244,-1183.62366,NA,NA,NA,NA,NA,NA,NA,NA,NA,NA,NA,NA,-266.46573,890.53424,-1436.89124,NA,NA,NA,-310.23703,973.96869,-1177.19006,-434.52002,953.2229,-1220.42212,NA,NA,NA,-118.92535,398.41556,-1347.45691,NA,NA,NA,-64.41771,59.40397,-1459.85266,NA,NA,NA
180,1.79,NA,NA,NA,-509.45828,1363.99792,-1319.27185,NA,NA,NA,NA,NA,NA,-252.06793,1395.66174,-609.84094,-87.70948,1046.08728,-1179.22095,NA,NA,NA,NA,NA,NA,NA,NA,NA,NA,NA,NA,-271.90332,889.80652,-1431.28772,NA,NA,NA,-316.29373,973.15961,-1170.854,-440.5517,951.42169,-1216.92114,NA,NA,NA,-122.42787,398.53601,-1344.42114,NA,NA,NA,-65.33781,59.42205,-1458.55066,NA,NA,NA
181,1.8,NA,NA,NA,-514.79523,1363.08984,-1311.54907,NA,NA,NA,NA,NA,NA,-257.61172,1394.50977,-603.27209,-93.35868,1044.86121,-1171.89368,NA,NA,NA,NA,NA,NA,NA,NA,NA,NA,NA,NA,-277.50156,889.70813,-1426.40442,NA,NA,NA,-321.78818,972.8158,-1161.29382,-447.18616,950.87695,-1210.34167,NA,NA,NA,-125.46568,398.22559,-1340.85193,NA,NA,NA,-66.11284,60.9163,-1457.14063,NA,NA,NA
182,1.81,NA,NA,NA,-520.46136,1363.09949,-1305.51758,NA,NA,NA,NA,NA,NA,-263.28851,1394.16248,-598.72559,-99.88551,1043.51123,-1165.55347,NA,NA,NA,NA,NA,NA,NA,NA,NA,NA,NA,NA,-283.46606,889.12189,-1420.81726,NA,NA,NA,-329.04199,971.84222,-1155.84277,-452.68527,949.32074,-1206.56116,NA,NA,NA,-129.71518,398.11362,-1336.44556,NA,NA,NA,-68.81484,62.50456,-1454.94702,NA,NA,NA
183,1.82,-424.34531,1446.15735,-1023.86609,-525.77002,1363.13464,-1299.98047,NA,NA,NA,NA,NA,NA,-269.13327,1393.4751,-593.06677,-105.9321,1042.33911,-1157.61633,NA,NA,NA,NA,NA,NA,NA,NA,NA,NA,NA,NA,-289.4418,888.55206,-1414.66467,NA,NA,NA,-335.27002,970.97113,-1149.47974,-459.35837,947.9765,-1204.17346,NA,NA,NA,-132.96161,398.25967,-1332.48645,NA,NA,NA,-69.93681,63.7605,-1453.34241,NA,NA,NA
184,1.83,-427.01505,1443.79248,-1015.30615,-531.57965,1361.97656,-1290.44189,NA,NA,NA,NA,NA,NA,-274.73688,1392.39978,-585.25616,-113.95047,1041.58948,-1149.57178,NA,NA,NA,NA,NA,NA,NA,NA,NA,NA,NA,NA,-295.43259,888.7193,-1409.58569,NA,NA,NA,-341.84973,970.18457,-1143.7002,-465.50916,948.12158,-1195.36621,NA,NA,NA,-137.76321,397.88696,-1327.46167,NA,NA,NA,-72.28155,64.49997,-1450.58447,NA,NA,NA
185,1.84,-433.24847,1443.21729,-1008.03033,-537.29138,1363.49841,-1287.55701,NA,NA,NA,NA,NA,NA,-280.63666,1392.39124,-581.00714,-120.07673,1040.31824,-1142.31873,NA,NA,NA,NA,NA,NA,NA,NA,NA,NA,NA,NA,-301.56177,888.41418,-1403.40173,NA,NA,NA,-348.55905,969.14282,-1136.6676,-471.98358,946.56122,-1194.31628,NA,NA,NA,-141.86128,398.63885,-1323.13647,-646.82349,99.98273,-1093.02612,-75.10824,66.37556,-1447.82849,NA,NA,NA
186,1.85,-437.21106,1442.67285,-1001.09784,-543.26471,1361.71899,-1275.5708,NA,NA,NA,NA,NA,NA,-286.83569,1391.99878,-574.45685,-126.97018,1039.65759,-1136.31311,NA,NA,NA,NA,NA,NA,NA,NA,NA,NA,NA,NA,-307.88223,888.75458,-1398.0011,NA,NA,NA,-357.54172,968.52185,-1130.00305,-478.65533,946.57849,-1185.07825,NA,NA,NA,-146.20288,398.98825,-1318.25549,-647.5722,99.52345,-1090.69299,-77.66128,67.36731,-1444.75562,-545.9422,504.80954,-1222.24744
187,1.86,-442.84415,1441.03357,-992.01031,-549.85992,1362.94653,-1270.16711,NA,NA,NA,NA,NA,NA,-293.168,1391.64807,-567.90021,-133.38242,1038.58728,-1128.02026,NA,NA,NA,NA,NA,NA,NA,NA,NA,NA,NA,NA,-314.20386,888.58521,-1391.802,NA,NA,NA,-363.6633,967.01874,-1123.74756,-486.65918,947.04077,-1176.49121,NA,NA,NA,-151.61285,397.47339,-1311.52454,-647.85999,97.22881,-1089.52661,-80.10322,68.95975,-1442.2771,-551.53491,505.96594,-1214.26733
188,1.87,-449.5058,1440.83167,-985.00024,-556.87848,1363.58777,-1263.00159,NA,NA,NA,NA,NA,NA,-299.28473,1391.77112,-563.46216,-140.26108,1037.98975,-1122.48035,NA,NA,NA,NA,NA,NA,NA,NA,NA,NA,NA,NA,-320.6069,889.09119,-1386.04382,-630.53333,790.58472,-1380.85437,-370.29446,966.25854,-1117.0116,-492.92899,946.75952,-1175.92566,-143.51215,765.10376,-1190.1488,-156.27086,398.25589,-1305.06311,-647.19354,90.87286,-1093.27173,-83.04111,69.99378,-1439.44128,-557.96429,505.85028,-1204.52563
189,1.88,NA,NA,NA,-563.22363,1363.1803,-1253.50452,NA,NA,NA,-545.25598,1494.46838,-1084.73926,-305.68924,1390.95654,-555.19403,-148.47878,1037.89832,-1109.75085,NA,NA,NA,NA,NA,NA,NA,NA,NA,NA,NA,NA,-327.01019,889.55981,-1379.96191,-637.45282,790.26447,-1374.13403,-379.06567,966.02063,-1113.03735,-498.6709,945.25226,-1170.85181,NA,NA,NA,-161.59821,398.91644,-1298.6333,-647.00092,87.89131,-1094.26697,-86.14592,72.47361,-1435.76868,-564.5033,506.61981,-1197.16577
190,1.89,-460.96686,1439.70447,-968.04285,-569.79065,1364.59253,-1248.53638,NA,NA,NA,-551.04938,1494.38647,-1075.54053,-312.34805,1390.74646,-548.55237,-154.98871,1037.32947,-1105.27075,NA,NA,NA,NA,NA,NA,NA,NA,NA,NA,NA,NA,-333.27408,889.68622,-1373.55066,-644.37274,792.30096,-1371.16956,-384.77893,965.75366,-1105.24048,-507.15213,945.06659,-1163.01306,NA,NA,NA,-167.38876,398.83795,-1293.30652,-646.89709,86.17867,-1091.41492,-88.92323,74.11794,-1431.47839,-570.48846,508.08728,-1191.17065
191,1.9,-466.55328,1438.29883,-958.82953,NA,NA,NA,NA,NA,NA,-557.02893,1494.42261,-1065.95178,NA,NA,NA,-160.58971,1036.44055,-1098.83899,NA,NA,NA,NA,NA,NA,NA,NA,NA,NA,NA,NA,-339.53152,890.48163,-1367.83167,-651.99585,793.33582,-1366.03516,-391.50909,964.36017,-1099.70837,-513.89545,946.41443,-1157.5896,NA,NA,NA,-172.99597,399.11823,-1284.50098,-646.16846,84.32007,-1090.16956,-92.01797,77.74007,-1428.00342,-577.89276,508.40143,-1184.52161
192,1.91,-472.89462,1438.05151,-950.25854,NA,NA,NA,-584.50861,1364.72534,-1229.4552,-563.16302,1494.60144,-1056.6239,-277.27029,1386.11389,-1120.41003,-166.74608,1036.50195,-1093.99023,-444.05692,1254.24243,-1126.62708,NA,NA,NA,NA,NA,NA,NA,NA,NA,-345.62579,890.84534,-1360.53955,-659.15289,793.80518,-1358.94958,-399.23779,965.11499,-1091.04871,-520.1745,946.6543,-1149.94763,NA,NA,NA,-178.65103,399.46906,-1280.23743,-645.15845,82.26008,-1088.88367,-94.55598,79.92877,-1423.62708,-585.15295,507.73251,-1176.60071
193,1.92,-476.63879,1436.96094,-940.69678,NA,NA,NA,-591.3941,1364.86755,-1220.62219,-569.34467,1494.63049,-1046.07275,NA,NA,NA,-174.46648,1036.95422,-1082.66077,-452.2674,1254.57385,-1118.52295,NA,NA,NA,NA,NA,NA,NA,NA,NA,-352.00607,891.79462,-1355.08276,-666.50085,794.79755,-1352.40686,-404.6221,965.83563,-1088.86169,-527.05255,945.10431,-1148.72913,NA,NA,NA,-184.79791,400.45093,-1272.59534,-644.7254,82.28867,-1082.37512,-98.60467,82.57971,-1420.34314,-592.57013,508.94522,-1172.22192
194,1.93,-482.91068,1436.00659,-931.24213,NA,NA,NA,-598.91644,1365.0426,-1211.0658,-575.4173,1494.96057,-1036.28845,-291.78577,1385.84436,-1103.29077,-180.69531,1037.11316,-1075.83154,-461.34714,1254.13342,-1111.68469,NA,NA,NA,NA,NA,NA,NA,NA,NA,-358.52844,892.74176,-1348.79761,-674.10492,795.99298,-1345.91333,-412.02524,965.90491,-1085.00037,-532.68756,946.54303,-1138.65198,NA,NA,NA,-191.13156,401.61508,-1264.32263,-643.57281,80.34836,-1085.16931,-101.60425,86.13775,-1415.5387,-600.61169,509.7345,-1167.72791
195,1.94,-489.43567,1435.91931,-922.40448,NA,NA,NA,-606.33502,1365.2489,-1201.31567,-581.62823,1494.80725,-1026.51514,-299.11349,1385.83899,-1094.16589,-186.4771,1037.99414,-1069.05933,-468.94684,1253.98401,-1104.31409,NA,NA,NA,NA,NA,NA,NA,NA,NA,-365.07983,893.81506,-1343.1875,-681.59711,796.94464,-1338.59949,-416.51147,967.57123,-1074.96973,-538.30011,946.17322,-1137.59521,NA,NA,NA,-198.53215,401.26624,-1256.84399,-643.69116,78.60627,-1083.72742,-105.02279,90.41482,-1411.49695,-610.22382,507.59836,-1158.23962
196,1.95,-495.06085,1434.34119,-913.16162,NA,NA,NA,-613.72766,1368.62988,-1203.22974,-587.73016,1494.70398,-1016.35687,-306.31546,1385.89075,-1084.73328,-192.94054,1038.10229,-1064.38928,-473.70496,1253.50134,-1096.80762,NA,NA,NA,NA,NA,NA,NA,NA,NA,-371.49298,894.5224,-1336.8916,-689.25043,797.51721,-1330.20166,-421.62402,967.78198,-1071.95935,-544.04718,947.98492,-1124.94971,-280.17368,748.53271,-1055.19458,-205.43686,402.5563,-1248.2489,-644.46991,79.20071,-1081.00244,-110.31612,93.03188,-1404.56897,-617.22784,507.32721,-1153.50427
197,1.96,NA,NA,NA,NA,NA,NA,-621.10101,1368.56982,-1194.45801,-593.79736,1494.6532,-1006.58929,-312.70084,1387.68103,-1081.14648,-198.58731,1038.97021,-1057.96387,-482.29791,1254.59192,-1090.49036,NA,NA,NA,NA,NA,NA,NA,NA,NA,-378.02722,896.4928,-1332.88721,-696.81622,798.74316,-1322.7229,-426.23575,969.29858,-1061.23425,-549.53223,948.17761,-1122.42456,NA,NA,NA,-212.32651,403.15662,-1239.92358,-644.50476,78.52782,-1080.94348,-115.22381,98.19817,-1398.20117,-625.09686,508.43869,-1150.85864
198,1.97,NA,NA,NA,NA,NA,NA,-627.33411,1370.20776,-1186.95886,-599.6806,1494.93433,-996.84625,-319.55008,1387.79749,-1071.20984,-198.25729,1045.02917,-1033.73352,-488.40747,1254.46191,-1082.76343,NA,NA,NA,-205.41757,1040.08887,-1052.40918,NA,NA,NA,-384.6062,897.69525,-1327.14478,-704.47687,800.02448,-1315.03088,-430.73306,969.80322,-1058.42371,-554.5282,950.8725,-1105.75513,-188.67807,797.28656,-1029.76099,-223.09027,404.07733,-1229.48474,-645.07605,76.7526,-1078.64722,-120.39732,104.14333,-1391.03174,-632.65271,508.76917,-1148.18677
199,1.98,NA,NA,NA,NA,NA,NA,-633.94104,1370.89539,-1178.47888,-605.54474,1494.80139,-986.77478,-326.15155,1387.93384,-1060.9939,NA,NA,NA,-494.58759,1255.06311,-1075.33386,NA,NA,NA,-207.53171,1045.04102,-1028.88049,NA,NA,NA,-391.19604,899.33057,-1322.09961,-712.55823,801.02356,-1306.67383,-435.16956,971.01074,-1053.74536,-558.61108,950.97052,-1099.04797,-195.58833,796.89941,-1022.69312,-236.12727,404.84772,-1216.55237,-644.62683,75.29301,-1080.92712,-126.60472,109.93737,-1381.89807,-640.78333,508.99936,-1145.39465
200,1.99,-515.90942,1429.38647,-878.13995,NA,NA,NA,-640.13934,1371.84204,-1169.90015,-611.16241,1494.49463,-977.1734,-331.96661,1389.76624,-1056.83276,-216.84474,1041.40393,-1043.58301,-501.34933,1255.60449,-1068.60718,NA,NA,NA,-212.78767,1045.948,-1020.14423,-700.28082,970.2641,-1110.20996,-397.91953,901.08289,-1317.82129,-721.21802,799.35284,-1292.47327,-439.60403,970.36133,-1049.75659,-563.763,952.60706,-1090.9165,-202.89888,798.77783,-1017.68591,-251.49289,404.71454,-1201.09033,-644.73499,75.04798,-1081.36304,-133.23346,116.8137,-1373.46143,-648.70062,509.42401,-1143.11572
201,2,NA,NA,NA,NA,NA,NA,-646.30029,1372.66382,-1161.60083,-616.54523,1494.03809,-968.74207,-337.49884,1391.56506,-1052.578,NA,NA,NA,-507.44525,1256.89856,-1061.19653,NA,NA,NA,-220.26869,1047.07947,-1016.7995,NA,NA,NA,-404.40366,903.22424,-1313.23572,-727.97266,802.92084,-1288.89111,-442.80692,970.88397,-1040.49988,-566.80371,952.48895,-1085.9845,-210.60927,800.27173,-1010.22034,-264.46411,403.48178,-1185.22559,-645.17035,75.27426,-1079.56335,-142.48242,123.46219,-1361.82153,-656.4516,509.87622,-1140.33459
202,2.01,NA,NA,NA,-473.8912,1393.18384,-1210.849,-652.22589,1373.38367,-1152.5553,-621.84637,1493.59888,-960.48785,-342.99597,1391.61401,-1042.43726,NA,NA,NA,-512.10449,1257.42261,-1052.81897,NA,NA,NA,-230.29272,1047.2345,-1015.34265,NA,NA,NA,-410.69824,904.92926,-1307.54211,-737.17542,801.35431,-1274.52344,-446.55399,972.33752,-1035.16174,-571.06555,953.47168,-1079.74011,-219.42871,800.92047,-1003.57953,-277.89316,402.53943,-1170.96411,-645.37665,74.90139,-1080.42639,-150.81451,131.90254,-1351.99927,-661.78973,509.81763,-1137.4585
203,2.02,-529.93866,1425.15063,-854.3811,-479.91794,1394.74573,-1202.79065,-657.97522,1374.42969,-1144.30591,-627.05621,1493.13501,-952.18054,-348.21924,1392.77173,-1035.31274,NA,NA,NA,-517.21667,1258.36157,-1047.05151,NA,NA,NA,-236.49341,1047.28638,-1006.84296,NA,NA,NA,-416.71881,907.33038,-1302.85168,-743.97711,802.8205,-1266.26624,-450.38452,970.91284,-1029.92139,-575.7002,953.39069,-1073.09851,-228.60873,802.797,-983.30115,-289.93445,402.62848,-1158.76733,-645.73773,75.72494,-1079.90173,-160.28683,140.74414,-1340.43066,-665.97205,510.55002,-1134.74316
204,2.03,NA,NA,NA,-485.8147,1396.50757,-1195.36987,-663.45087,1375.526,-1135.80176,-631.95325,1492.9126,-944.02893,-353.11371,1393.93481,-1028.30774,-732.89325,976.89716,-1074.38647,-521.23212,1259.67041,-1039.37085,NA,NA,NA,-243.57207,1048.12085,-1002.52356,NA,NA,NA,-422.44522,909.84454,-1298.41418,-752.30371,804.44849,-1256.65283,-453.63507,971.33173,-1025.31323,-590.31195,955.09729,-1047.32153,-230.25076,807.77698,-977.58063,-300.23682,407.14557,-1144.41492,-646.27789,75.19399,-1080.00854,-170.01686,148.52939,-1328.77332,-670.24969,506.23431,-1141.77478
205,2.04,NA,NA,NA,-491.58203,1398.36194,-1188.19409,-668.76489,1376.48755,-1127.04883,-636.96906,1492.83704,-935.20203,-357.61053,1395.34656,-1022.29492,-725.2868,1061.02332,-1253.6001,-526.49475,1260.33826,-1030.89636,NA,NA,NA,-248.6084,1050.13281,-993.91162,NA,NA,NA,-427.65671,911.9007,-1292.91235,-759.07721,805.68445,-1247.73645,-457.51831,971.99689,-1019.57904,-583.07367,954.31152,-1060.80518,-243.34093,808.17773,-972.13214,-309.55273,409.60202,-1127.83716,-646.48151,74.78912,-1080.84729,-180.60265,155.49893,-1316.43311,-671.2276,510.00571,-1126.01868
206,2.05,-544.45392,1423.95386,-831.00336,-497.14059,1400.16431,-1180.64783,-673.86615,1377.90503,-1119.24438,-641.65924,1492.97412,-927.13855,-362.26105,1397.2157,-1017.00452,NA,NA,NA,-530.6908,1261.62366,-1025.31641,NA,NA,NA,-255.22961,1050.90601,-992.07745,NA,NA,NA,-432.50354,914.2265,-1287.49561,-767.41016,806.74194,-1235.55359,-460.8688,973.10657,-1013.17438,-586.83301,955.3526,-1054.40063,-249.98102,808.68756,-970.33344,-318.44708,413.92044,-1112.02295,-647.63263,75.34436,-1077.43506,-191.07135,162.30438,-1301.81335,-672.51575,510.22467,-1122.70508
207,2.06,-547.83264,1423.50928,-823.09497,-502.57681,1402.21021,-1173.89197,NA,NA,NA,-646.37256,1492.64294,-918.52283,-366.3371,1399.07996,-1011.7265,-739.77704,1063.93298,-1234.80688,-534.74188,1262.63623,-1017.03717,NA,NA,NA,-260.18228,1053.64673,-983.57611,-673.82214,510.55075,-1119.79285,-437.03058,916.85071,-1282.35754,-774.14905,808.92224,-1226.95679,-465.46063,974.35431,-1007.6615,-590.52423,956.02509,-1048.25696,-257.05188,812.07703,-964.95239,-329.01587,416.46393,-1094.7052,-647.73877,74.18485,-1077.37805,-201.85674,169.12558,-1289.06543,NA,NA,NA
208,2.07,-553.38031,1423.13684,-815.58209,-507.82251,1404.12061,-1166.927,NA,NA,NA,-650.70325,1492.7511,-911.11548,-370.50775,1400.17639,-1003.44733,-683.40363,1381.07349,-1102.34192,-538.48132,1263.58948,-1009.54449,NA,NA,NA,-265.73285,1055.53845,-977.59686,-764.32587,983.13348,-1039.38843,-441.34534,918.83704,-1276.4458,-782.22589,809.78619,-1213.35437,-469.57416,976.24365,-1000.24628,-594.86957,957.26013,-1041.71497,-262.94034,814.84265,-953.68634,-338.55334,418.47684,-1078.87744,-286.65771,720.4931,-917.6684,-212.48296,174.54599,-1275.04663,-648.6062,74.05933,-1074.82043
209,2.08,-556.22968,1422.87463,-807.75348,-512.92261,1406.23474,-1159.80945,NA,NA,NA,-655.60706,1492.10425,-902.74298,-374.67227,1401.79468,-998.22119,-687.87109,1382.8363,-1094.06335,-542.45251,1265.16406,-1002.85773,NA,NA,NA,-270.15262,1057.69324,-970.66901,-752.92334,1067.56787,-1216.052,-445.26535,921.6181,-1271.55432,-789.30078,812.36407,-1203.69238,-473.60785,978.4577,-994.66998,-599.15527,958.39056,-1035.66614,-270.51843,819.45868,-936.1734,-347.44061,421.27637,-1061.92615,-648.8562,73.31026,-1074.30859,-223.31544,179.64842,-1258.72998,-677.0257,509.50027,-1123.43958
210,2.09,NA,NA,NA,-517.97485,1407.91687,-1152.36096,NA,NA,NA,-659.81995,1493.05481,-895.58374,-378.60678,1403.28076,-991.77643,-692.43103,1384.42297,-1085.36121,-547.02106,1266.61011,-994.62262,NA,NA,NA,-275.83646,1059.46753,-965.75623,-759.09796,1069.07983,-1205.69287,-448.73141,923.646,-1265.0166,-796.30945,813.56256,-1190.94116,-478.75842,980.11566,-990.92035,-603.45215,960.2868,-1029.42334,-276.84842,820.8009,-934.54126,-355.5087,424.15735,-1045.85791,-676.51312,512.48584,-1115.82349,-235.60933,183.28957,-1241.13025,-649.0437,72.92228,-1075.07397
211,2.1,NA,NA,NA,-522.91473,1409.70239,-1145.85132,NA,NA,NA,-663.01593,1493.11011,-887.68726,-381.88873,1405.2251,-985.22241,-696.65228,1386.60974,-1078.06775,-550.30554,1269.10168,-988.50543,NA,NA,NA,-280.31485,1061.78259,-960.39819,-765.10828,1069.91125,-1193.81494,-452.06952,925.7099,-1259.28491,-803.79486,816.21375,-1179.23462,-483.02713,983.58447,-984.0141,-607.04083,962.09857,-1022.90002,-281.78485,823.81958,-928.05591,-356.64755,431.16226,-1020.43414,-649.31732,72.43867,-1076.21814,-247.58359,186.00032,-1225.70056,-677.42175,509.7153,-1121.55298
212,2.11,-568.06989,1421.16455,-785.72913,-527.70026,1411.59412,-1139.01343,NA,NA,NA,-667.23035,1493.11047,-879.53705,-386.09003,1407.23315,-981.62756,-700.87195,1388.42175,-1069.91577,-553.21332,1270.8302,-981.24127,NA,NA,NA,-284.33365,1064.26257,-954.99133,-770.60632,1071.39978,-1183.18896,-455.27533,927.41119,-1252.17188,-810.19427,818.62,-1168.19348,-485.76175,986.34186,-976.27997,-611.11169,963.45709,-1015.15167,-287.02316,827.83142,-920.69238,-365.96851,434.2092,-1003.60724,-678.18457,510.64932,-1119.07043,-260.10486,188.53642,-1208.90161,-649.71594,71.81891,-1077.91321
213,2.12,-571.66229,1421.58997,-778.2948,-532.39606,1413.3252,-1132.26843,NA,NA,NA,-671.18359,1493.36243,-871.9472,-390.16266,1409.04285,-975.12177,-704.95496,1390.37769,-1062.30798,-556.81079,1272.77917,-974.65784,NA,NA,NA,-288.7272,1066.61377,-948.89563,-776.05353,1073.80347,-1174.74695,-458.74237,929.47144,-1246.73474,-818.01727,820.65656,-1153.9259,-490.66757,988.40326,-971.00024,-615.44507,966.03333,-1010.33655,NA,NA,NA,-376.21982,435.44598,-987.87964,-678.97314,509.58774,-1122.35071,-272.20642,190.35358,-1190.71155,-650.47046,72.2297,-1078.43164
214,2.13,-574.27435,1420.65613,-771.37634,-536.93475,1415.1698,-1126.13647,NA,NA,NA,-674.81543,1493.2843,-864.33252,-393.36581,1411.37732,-968.76672,-708.96777,1392.36743,-1054.62964,-560.61603,1274.53625,-969.23163,NA,NA,NA,-293.21146,1068.58704,-942.43475,-781.0368,1075.61621,-1165.11157,-462.22653,930.98749,-1239.74927,-824.16455,823.67181,-1143.34973,-494.86163,989.69812,-966.21399,-619.36298,968.51666,-1003.93658,-296.30496,833.8902,-897.73688,-384.83813,439.17184,-969.59705,-651.3418,71.89639,-1078.55481,-284.25266,190.61491,-1172.05054,-680.74225,512.80908,-1114.85535
215,2.14,NA,NA,NA,NA,NA,NA,NA,NA,NA,-678.3064,1492.86987,-856.66779,-397.16312,1413.09106,-963.65137,-712.85229,1394.00818,-1046.44397,-563.86469,1275.98364,-961.38635,NA,NA,NA,-297.1712,1070.7124,-936.76593,-786.21643,1077.00696,-1154.50586,-465.87695,932.2738,-1233.44397,-831.63165,824.91968,-1127.50171,-498.08295,992.47168,-958.25769,-622.66724,969.58228,-997.36926,NA,NA,NA,-391.31741,443.54272,-953.4516,-682.55945,513.16486,-1115.12,-297.00848,191.32164,-1154.91443,-652.18701,74.27064,-1078.00476
216,2.15,NA,NA,NA,NA,NA,NA,NA,NA,NA,-681.48322,1491.59973,-848.43976,-400.79803,1414.63867,-957.95306,-716.65472,1395.63293,-1038.89453,-567.45758,1278.00378,-954.50006,-545.9632,1417.57825,-1111.92383,-299.63669,1073.48315,-929.65289,-791.77832,1077.55859,-1142.61011,-413.25775,779.92151,-838.67657,-837.2915,828.1272,-1116.80981,-500.87851,994.22314,-951.95477,-626.32825,971.09253,-988.23096,-510.49374,859.87384,-885.79462,-398.55685,446.20752,-936.69446,-684.40192,509.02521,-1127.7959,-308.85889,190.91603,-1136.20313,-653.59308,75.92457,-1074.96118
217,2.16,-584.77795,1417.93909,-750.96027,NA,NA,NA,NA,NA,NA,-685.24622,1491.90942,-841.42493,-403.85464,1415.729,-951.94391,-720.3515,1397.02478,-1030.70496,-570.10297,1278.96106,-947.92798,-550.33838,1418.68152,-1105.35693,-301.7381,1074.94287,-923.03967,-797.00366,1078.14575,-1131.29236,-472.67703,934.42877,-1219.98523,-844.69611,828.98053,-1100.59595,-504.72333,994.15082,-947.59015,-630.69073,972.48688,-983.375,NA,NA,NA,-407.4794,449.63037,-921.06421,-655.11127,77.39137,-1072.39673,-320.96774,190.3119,-1116.5105,-683.79456,514.23688,-1115.64453
218,2.17,-586.20325,1415.06213,-743.12817,NA,NA,NA,NA,NA,NA,-687.8584,1491.19922,-833.54932,-407.80615,1417.57703,-947.27142,-723.94232,1398.26672,-1022.54419,-573.24609,1279.91223,-941.28638,-554.54492,1419.52747,-1098.38049,-305.98032,1076.08557,-918.96039,-802.49951,1079.25317,-1120.73193,-307.67154,843.46991,-877.75031,-850.04797,831.28973,-1088.63367,-508.50467,997.06152,-940.974,-633.86902,973.52692,-976.61218,NA,NA,NA,-415.37717,452.36993,-905.89368,-684.04669,514.45813,-1115.16882,-332.35278,187.65005,-1098.00024,-656.32373,77.82208,-1076.10461
219,2.18,-590.0127,1414.37183,-736.39679,NA,NA,NA,NA,NA,NA,-691.01843,1490.2926,-826.23236,-410.75354,1418.19861,-940.00916,-727.38361,1399.32703,-1014.87439,-577.13489,1281.60986,-935.10687,-558.76385,1420.39917,-1091.54822,-308.5885,1077.80798,-913.39514,-807.96399,1080.54651,-1110.56128,-306.86951,846.03125,-871.46259,-857.29272,833.06061,-1075.76001,-512.38251,996.53625,-932.35522,-636.52588,974.66626,-969.216,-479.91144,936.28461,-1206.40991,-421.72305,455.4057,-890.90503,-685.4881,514.64154,-1113.38354,-345.00308,185.51746,-1077.49402,-658.54327,77.48736,-1077.41248
220,2.19,-592.06799,1411.21045,-729.95526,NA,NA,NA,NA,NA,NA,-694.13153,1488.51379,-818.07776,-414.30273,1419.01929,-934.02625,-730.91998,1399.79248,-1006.72815,-579.73773,1282.25244,-928.70532,-562.85077,1420.83936,-1084.07727,-310.52802,1078.92554,-906.24432,-813.05908,1080.80273,-1099.88062,-311.14697,848.73505,-864.06238,-862.49963,833.90546,-1061.95813,-514.03076,998.32874,-926.61639,-638.89514,975.16925,-959.90955,-536.77551,905.0177,-875.4892,-426.6904,457.97382,-877.94684,-660.74884,77.80898,-1077.38501,-356.89868,181.3707,-1056.18408,-686.03754,514.98236,-1113.0531
221,2.2,-594.78168,1408.09888,-723.61377,NA,NA,NA,NA,NA,NA,-697.18542,1488.15771,-810.87164,-417.48511,1420.13232,-927.64185,-734.19794,1400.59021,-998.83466,-582.37488,1282.65112,-920.74109,-566.79779,1421.49597,-1077.86902,-313.21088,1079.9126,-901.27936,-818.83569,1081.57397,-1089.20862,-311.90475,848.05255,-861.95288,-868.71344,835.60828,-1048.65002,-516.08051,998.06146,-920.67126,-642.39392,974.48706,-954.12537,NA,NA,NA,-431.78745,460.26398,-863.7569,-688.48108,515.52539,-1112.11414,-368.8956,177.42664,-1037.46423,-662.30554,79.66451,-1074.33691
222,2.21,NA,NA,NA,NA,NA,NA,NA,NA,NA,-699.63684,1485.849,-802.98456,-420.24844,1420.28894,-920.88293,-737.56073,1400.72559,-990.92676,-585.22461,1282.57556,-914.86981,-570.71381,1421.70532,-1070.57336,-314.58755,1079.93628,-895.2049,-824.15839,1082.14526,-1078.77112,-314.09238,850.87262,-839.63043,-874.55621,836.13043,-1035.17029,-519.71936,999.52356,-912.37531,-645.34155,975.1731,-946.92969,NA,NA,NA,-436.6684,461.62402,-849.45514,-690.11682,515.25208,-1111.66992,-380.59924,173.47389,-1015.69897,-663.21674,79.53742,-1074.29419
223,2.22,NA,NA,NA,NA,NA,NA,NA,NA,NA,-702.40222,1484.61206,-794.98364,-423.24023,1420.09167,-914.95331,-740.75488,1400.93909,-982.99939,-587.75513,1282.47778,-906.19995,-574.49103,1421.68896,-1062.80579,-316.40338,1081.11353,-888.74554,-829.12079,1081.96985,-1067.96631,-311.95374,852.31372,-833.87421,-879.71307,836.9389,-1021.75226,-521.84009,998.96936,-905.64923,-648.01697,974.5144,-939.38477,NA,NA,NA,-440.94592,462.73746,-837.38885,-666.09796,80.35837,-1072.86157,-391.63232,168.93567,-994.58966,-692.54016,515.65466,-1111.33923
224,2.23,NA,NA,NA,NA,NA,NA,NA,NA,NA,-704.8703,1483.68188,-786.72009,-426.41016,1420.40649,-908.92096,-744.15448,1399.80603,-973.75323,-590.37793,1282.32104,-899.86029,-578.10999,1421.70007,-1055.26477,-318.5137,1080.06799,-885.30731,-834.77374,1082.30298,-1057.74536,-371.31912,757.82056,-761.55957,-885.51813,837.91492,-1008.62396,-524.11072,999.54883,-897.09882,-651.07416,974.66724,-930.69983,-557.96582,899.43945,-837.24603,-445.21344,463.14853,-824.85132,-693.40857,518.0285,-1114.72546,-402.36371,163.46294,-974.08716,-668.40466,79.21952,-1075.54114
225,2.24,NA,NA,NA,NA,NA,NA,NA,NA,NA,-707.20044,1481.29785,-777.47009,-429.57327,1420.23364,-900.54498,-747.66498,1399.62952,-965.7926,-592.6994,1282.42078,-893.15698,-581.73969,1421.35669,-1047.45239,-319.53674,1080.5929,-878.15735,-839.64948,1082.35583,-1047.2677,-325.53506,849.21161,-815.51758,-890.98895,837.93237,-995.32019,-526.82654,999.53516,-888.46771,-653.96423,973.4635,-924.14008,NA,NA,NA,-448.73544,463.98026,-810.9317,-696.00751,517.93652,-1113.16052,-412.71732,158.17317,-951.08008,-669.63422,78.89864,-1078.0448
226,2.25,NA,NA,NA,NA,NA,NA,NA,NA,NA,-709.78156,1480.1106,-769.12762,-432.12494,1419.90393,-894.31488,-750.33185,1399.29224,-957.0542,-595.93323,1281.61572,-885.15912,-585.2616,1421.1554,-1040.00281,-322.03152,1081.20129,-870.60107,-844.45465,1081.55676,-1036.53564,-317.95132,850.97198,-825.01227,-895.81561,838.28455,-982.64777,-530.84155,997.9433,-882.25665,-656.98798,973.37823,-916.76093,NA,NA,NA,-450.76398,465.4899,-797.40356,-670.9234,80.20456,-1075.50378,-422.19116,152.31406,-929.78381,-699.00037,518.0799,-1112.0874
227,2.26,NA,NA,NA,NA,NA,NA,NA,NA,NA,-712.16083,1478.85901,-760.85376,-434.33594,1418.84155,-885.63611,-753.32623,1398.14063,-949.10553,-598.67773,1280.67493,-878.02106,-588.63007,1420.94714,-1032.30872,-322.36911,1080.84949,-864.29932,-849.83508,1081.74023,-1026.24536,NA,NA,NA,-900.9314,838.16412,-969.17688,-534.79266,996.45703,-878.12561,-660.91516,972.53009,-908.70172,-317.22449,851.26447,-822.66907,-453.10114,467.78555,-786.02905,-701.9007,517.53613,-1109.57056,-432.0896,145.30859,-906.4859,-521.07849,739.14117,-721.27313
228,2.27,NA,NA,NA,NA,NA,NA,NA,NA,NA,-714.18097,1476.62891,-751.23035,-438.0015,1418.74487,-880.2738,-756.49225,1398.41052,-941.39612,-601.84625,1279.90723,-870.09241,-591.98376,1420.53491,-1024.12659,-323.59216,1080.63159,-858.1651,-854.15668,1081.16589,-1015.75085,-318.03888,850.50281,-816.31696,-905.98224,838.82031,-956.56421,-537.73163,997.27881,-869.59711,-664.07574,971.77209,-900.54877,-360.77737,760.59222,-749.83167,-457.74829,469.32288,-773.04138,-704.9939,517.30219,-1107.23608,-442.02789,137.72894,-883.63013,-673.47516,81.38498,-1073.4624
229,2.28,NA,NA,NA,NA,NA,NA,NA,NA,NA,-716.70538,1475.12573,-742.29193,-440.71878,1418.11255,-872.99481,-758.96918,1397.23218,-932.8244,-604.40314,1278.51172,-862.5752,-595.28851,1419.95789,-1015.93994,-325.99515,1079.3418,-851.086,-858.59497,1080.60229,-1005.09943,-516.42957,937.26727,-1134.35315,-910.94086,838.48022,-942.95575,-540.63672,996.58698,-858.74048,-666.99554,971.48499,-892.6167,NA,NA,NA,-460.7131,470.04031,-761.79254,-674.82166,80.1036,-1075.49133,-451.60162,131.21544,-860.00507,-436.42392,650.86017,-1436.43884
230,2.29,NA,NA,NA,NA,NA,NA,NA,NA,NA,-718.67352,1473.64441,-733.56848,-444.04877,1416.32019,-862.70892,-762.34064,1395.90344,-923.74829,-606.96399,1277.49695,-855.1955,-598.45856,1419.0791,-1007.45819,-326.52234,1078.7782,-845.68457,-863.33777,1080.48914,-995.19293,NA,NA,NA,-914.88434,838.79578,-930.28778,-544.07037,995.87665,-851.77155,-670.78094,969.8504,-883.28479,-530.47504,736.52899,-698.73492,-462.67551,471.5592,-752.34924,-710.53955,517.828,-1110.54614,-461.17719,125.27504,-830.26318,-675.76959,80.03327,-1076.74561
231,2.3,NA,NA,NA,NA,NA,NA,NA,NA,NA,-720.85657,1471.76819,-723.79663,-446.40033,1414.94421,-853.90161,-765.86829,1393.71033,-915.79773,-610.07355,1276.73706,-847.10699,-601.58966,1418.18018,-998.79559,-328.26584,1077.3761,-837.5274,-867.79932,1079.64172,-984.65924,-320.48508,847.87555,-787.9989,-919.13281,838.66229,-916.91254,-547.48816,994.46576,-844.94812,-674.39441,970.13,-875.05695,NA,NA,NA,-464.63464,472.83475,-742.77496,-713.79089,517.69208,-1101.73987,-469.50473,117.56345,-804.92133,-676.1662,79.23909,-1078.33875
232,2.31,NA,NA,NA,NA,NA,NA,NA,NA,NA,-723.30743,1470.41956,-714.56531,-449.45776,1414.53149,-847.24231,-768.13373,1394.35303,-906.61597,-612.72864,1275.11572,-838.13696,-604.57666,1417.42908,-990.55188,-328.55005,1076.38831,-830.21625,-871.91699,1079.28308,-974.40436,-319.70868,845.20142,-794.08459,-923.88379,839.44849,-904.05145,-552.39575,992.72614,-837.48541,-678.20947,969.92664,-865.7561,-523.38562,932.99359,-1100.09888,-468.07343,471.45639,-735.15594,-678.28412,81.21246,-1071.39539,-476.83987,112.11623,-779.34894,-359.19086,753.96814,-720.38324
233,2.32,NA,NA,NA,NA,NA,NA,NA,NA,NA,-725.52356,1468.61682,-704.61292,-452.45926,1413.06494,-839.1496,-770.43933,1392.89587,-896.82684,-615.22144,1273.44031,-830.02997,-607.71057,1416.03723,-981.68524,-331.3743,1074.79871,-823.61804,-875.6217,1078.21741,-963.8775,NA,NA,NA,-927.06488,839.11719,-891.00507,-555.26172,992.87933,-826.43915,-680.82599,968.93115,-855.82623,-525.65967,932.18439,-1091.65137,-470.95117,470.3569,-725.10449,-720.69232,517.23309,-1102.18091,-483.07251,107.05751,-753.34808,NA,NA,NA
234,2.33,NA,NA,NA,NA,NA,NA,NA,NA,NA,-727.242,1466.69482,-695.15424,-454.90915,1411.38232,-828.39691,-773.72192,1391.64709,-888.05884,-618.16949,1272.34412,-821.21021,-610.55695,1415.09058,-972.44067,-332.87958,1073.70166,-816.55548,-879.77124,1077.99841,-954.31366,-319.32574,841.55127,-773.36047,-930.81403,839.1673,-878.61652,-558.72681,990.52716,-819.46283,-683.80951,966.47076,-860.17816,-528.01801,930.76862,-1082.46643,-473.69403,467.66101,-718.18909,-724.42993,516.37244,-1091.7572,-491.18344,101.78402,-725.78333,NA,NA,NA
235,2.34,NA,NA,NA,NA,NA,NA,NA,NA,NA,-729.72559,1465.1322,-685.25751,-457.3674,1409.70801,-820.1488,-776.84418,1389.06946,-879.75128,-621.66431,1271.32336,-812.25165,-613.42279,1413.91528,-963.2774,-334.33661,1072.14246,-809.12189,-883.53479,1076.55273,-943.6153,-317.97568,837.82532,-780.78998,-934.17554,838.70856,-865.57452,-561.79919,990.79755,-809.79175,-687.31757,963.85822,-849.013,-530.56396,929.40295,-1073.48633,-476.95337,465.14075,-712.50763,-728.46057,515.67078,-1087.41968,-490.62799,101.92437,-696.18665,NA,NA,NA
236,2.35,NA,NA,NA,NA,NA,NA,NA,NA,NA,-731.7923,1463.11963,-674.81299,-460.22818,1407.93518,-810.37048,-779.23273,1389.05481,-868.9068,-623.53387,1269.06018,-802.70313,-616.36102,1412.51343,-954.07764,-335.67212,1070.54224,-802.48895,-887.06879,1075.86694,-934.07904,-318.59857,836.02545,-775.28009,-937.93341,838.26587,-853.15314,-565.35272,988.31885,-801.25677,-689.71094,963.35553,-840.77051,-532.77802,928.55225,-1064.60095,-481.70319,461.57709,-705.6192,-732.61102,515.3103,-1090.03516,-496.96442,101.43618,-667.98004,-354.89102,739.89191,-694.96637
237,2.36,NA,NA,NA,NA,NA,NA,NA,NA,NA,-733.28003,1461.36926,-665.24963,-462.57642,1406.57861,-802.48315,-781.78851,1387.78015,-859.67987,-626.81464,1268.2218,-793.50623,-619.14935,1410.88379,-944.23364,-337.20779,1068.50415,-794.82385,-890.28711,1074.32007,-923.35541,-318.05432,835.68311,-758.23859,-939.54291,837.61914,-839.17889,-567.60266,986.94269,-791.36023,-692.9101,961.21326,-830.8999,-535.32336,926.64874,-1054.73926,-487.98038,458.81769,-699.06873,-736.62555,513.09967,-1075.23071,-501.65222,102.10885,-638.82794,NA,NA,NA
238,2.37,NA,NA,NA,NA,NA,NA,NA,NA,NA,-735.34924,1459.36096,-655.38434,-465.40039,1404.49255,-792.72675,-784.41827,1386.09424,-849.1908,-629.0683,1266.93896,-784.78729,-621.83752,1409.54736,-935.13373,-339.82861,1067.17798,-786.25665,-893.57233,1073.36584,-913.82153,-317.71878,831.23828,-766.15265,-941.77307,836.93451,-826.80701,-570.59113,985.6795,-780.14606,-695.73303,960.12079,-823.97455,-537.54126,925.85614,-1045.82275,-494.53012,455.42014,-693.17242,-740.21448,512.97955,-1070.39697,-506.27698,106.4437,-611.22772,NA,NA,NA
239,2.38,NA,NA,NA,NA,NA,NA,NA,NA,NA,-737.55469,1457.72424,-645.22241,-467.85815,1402.76404,-782.47412,-786.99194,1384.43469,-839.79901,-631.01361,1264.17798,-773.86237,-624.49103,1407.74561,-925.02313,-340.72034,1064.41235,-778.72046,-896.67426,1071.49219,-903.14337,-317.55386,827.74585,-761.49036,-944.25867,836.21381,-813.81152,-573.32666,984.07648,-773.00781,-697.98993,956.41406,-815.14478,-540.17261,923.69629,-1036.00891,-501.46347,453.26581,-687.68695,-744.72253,509.96234,-1060.72192,-519.10657,105.29017,-593.5708,NA,NA,NA
240,2.39,NA,NA,NA,-637.58649,1631.53345,-738.28668,NA,NA,NA,-739.11493,1455.51404,-634.59479,-470.16306,1400.59863,-773.61896,-789.54987,1383.09155,-829.91516,-634.12067,1262.88831,-763.74976,-627.24762,1405.78027,-915.14282,-341.87402,1062.66565,-771.3075,-899.52618,1070.40271,-892.86731,-318.20151,823.84979,-757.08777,-945.94891,835.26404,-801.21466,-575.87592,982.6366,-761.7854,-701.62177,955.11127,-804.60938,-542.47028,922.58044,-1026.3125,-508.06116,451.05762,-680.7395,-748.40265,510.00931,-1055.8324,-517.75189,115.6394,-560.44873,-420.41727,770.62982,-693.2226
241,2.4,NA,NA,NA,-639.4234,1630.06213,-728.17175,-524.01495,1520.65295,-659.7749,-741.32007,1453.64648,-624.30658,-472.66751,1399.11218,-764.94464,-792.05243,1381.20886,-819.7193,-636.03717,1261.42114,-755.01746,-629.6814,1403.95923,-904.87451,-343.87173,1060.93787,-763.74884,-900.81537,1067.89478,-881.7052,-318.43466,823.50446,-740.35022,-947.29993,834.15173,-788.40845,-578.91669,979.74963,-750.89319,-703.65771,953.16638,-795.18274,-545.07642,920.31586,-1015.4552,-514.59668,448.98312,-673.00116,-752.42102,506.87708,-1045.38477,-523.27673,122.1172,-538.53253,NA,NA,NA
242,2.41,-635.82208,1367.55273,-553.28076,-641.28906,1627.92883,-717.578,-525.64966,1517.88147,-648.05139,-742.8783,1452.03857,-613.91791,-474.69547,1396.28076,-752.74133,-794.44104,1379.48816,-808.94507,-638.84198,1259.29053,-743.28162,-632.1756,1401.89624,-894.75024,-344.28226,1059.27832,-755.04919,-903.19763,1065.73413,-870.56659,-313.37866,821.79224,-733.94928,-949.01764,832.56287,-774.94897,-580.99463,978.56854,-739.5506,-706.96857,951.25793,-783.7182,-547.51611,918.57074,-1005.46564,-519.59033,448.11954,-664.18164,-757.9491,504.43671,-1042.22913,-528.16998,129.5798,-519.53088,NA,NA,NA
243,2.42,-637.24231,1365.32068,-544.95978,-643.0174,1626.22534,-707.03894,-527.42542,1516.35693,-640.18304,-744.42401,1449.77014,-603.40906,-476.87076,1394.16956,-742.92712,-795.61694,1375.70691,-799.48358,-640.4848,1257.75525,-732.78064,-634.54755,1399.99451,-884.39801,-346.41656,1056.04333,-745.92548,-905.16187,1063.82654,-860.00024,-317.87152,815.22815,-745.70715,-950.98456,831.72516,-763.2821,-584.59442,975.64325,-733.06537,-709.51019,949.58887,-773.36078,-550.12115,916.75323,-995.5658,-523.9173,447.07861,-656.68127,-758.60852,502.20679,-1026.61621,-536.01257,135.46921,-501.31427,NA,NA,NA
244,2.43,-638.75732,1363.604,-537.19061,-644.69537,1624.18774,-696.91254,-528.88678,1514.84204,-632.83459,-746.21967,1447.94751,-592.0647,-479.19553,1392.28259,-733.98816,-799.05847,1375.72241,-787.97607,-643.19122,1255.52417,-722.17578,-636.78979,1397.94019,-873.8219,-345.8349,1054.7804,-738.30219,-907.13434,1061.47412,-848.64734,-317.81815,811.7453,-738.94763,-952.27704,830.05182,-750.55939,-587.43011,974.17413,-719.43207,-711.79388,947.02649,-762.91986,-552.34851,914.49005,-984.12671,-528.74725,444.92749,-647.50696,-762.22943,501.04105,-1018.31775,-541.54053,140.84888,-482.97308,-653.67975,520.82965,-527.36591
245,2.44,-641.354,1361.84204,-524.49768,-646.28577,1622.1731,-685.8667,-530.74194,1512.2428,-620.06763,-747.51202,1446.8551,-581.88159,-481.19476,1390.01794,-722.33606,-800.8197,1373.94104,-777.45673,-645.08179,1254.19971,-712.36877,-639.07092,1395.85645,-862.97382,-348.69263,1050.6554,-730.98022,-908.75952,1059.57043,-837.68939,-320.16107,808.81586,-728.88458,-953.44965,828.03027,-737.98175,-589.32092,971.56555,-708.58649,-714.75439,943.80969,-752.31976,-554.91937,911.86377,-972.75232,-531.47247,443.82434,-638.53021,-765.15997,499.01694,-1009.5766,-547.0545,144.64215,-465.23416,NA,NA,NA
246,2.45,-641.95367,1359.41089,-516.32947,-647.58514,1620.28406,-675.11261,-532.26709,1510.00781,-608.84961,-749.19531,1444.75684,-570.35931,-482.8295,1387.08887,-710.58905,-803.13159,1372.13684,-766.58746,-647.26117,1251.69946,-699.92114,-640.99377,1394.19824,-852.92694,-351.06049,1049.08264,-722.0412,-911.78546,1058.50476,-827.31116,-318.45615,804.89771,-733.20825,-954.67609,826.99469,-726.17188,-592.85162,969.97839,-698.24304,-717.53003,943.2536,-739.29523,-557.2663,909.70825,-961.62122,-536.13574,441.83417,-629.1377,-767.68878,496.65924,-1000.82678,-552.4375,149.15074,-449.08954,NA,NA,NA
247,2.46,-643.19305,1357.99158,-503.27625,-648.88074,1618.68616,-664.82642,-533.34528,1507.82324,-598.21649,-751.23273,1443.42444,-559.99921,-484.746,1385.13342,-701.11163,-805.27234,1370.37939,-755.64276,-649.73865,1250.14172,-688.32019,-642.9361,1392.28955,-842.16895,-350.7771,1046.8269,-712.92773,-913.09869,1056.43835,-815.93799,-319.10312,801.64301,-728.96924,-955.69275,824.56708,-713.86023,-595.44965,967.80579,-685.89923,-719.6673,941.06555,-727.34131,-559.52124,907.30518,-949.45557,-539.24811,438.34729,-619.2926,-770.11206,494.92834,-991.76318,-557.36737,152.2794,-431.44824,NA,NA,NA
248,2.47,-645.43237,1356.40137,-488.43039,-649.99634,1617.04993,-653.84808,-534.85962,1505.79858,-589.86298,-752.27667,1441.92883,-548.59216,-486.41074,1383.22095,-690.59167,-807.07373,1368.74097,-744.3866,-651.69623,1248.20691,-677.87469,NA,NA,NA,-353.18143,1043.38843,-703.86755,-913.88721,1054.35681,-804.10315,-320.03238,797.56628,-722.22284,-956.75745,822.60278,-701.46936,-598.62537,965.97534,-673.76947,-722.29425,937.98676,-718.35852,-561.91034,905.53607,-938.08868,-542.61737,435.88339,-606.96411,-773.09766,493.90884,-983.68878,-562.0929,154.28102,-415.15219,-878.70898,776.07355,-626.09851
249,2.48,-645.82507,1353.59094,-482.30368,-651.05536,1615.30835,-642.76923,-535.54053,1503.44568,-578.76953,-753.26221,1440.91064,-537.76874,-487.94095,1380.10925,-675.34094,-808.90472,1367.22083,-733.41345,-656.30084,1244.20618,-671.80292,-646.41589,1388.79504,-819.88037,-354.22968,1041.08374,-694.7326,-914.68433,1052.47327,-792.07916,-321.21423,794.83636,-719.2132,-957.61169,821.35199,-690.51117,-601.05267,963.78259,-663.41675,-724.55054,936.36584,-705.58093,-564.2074,903.34845,-925.50781,-546.64392,433.85754,-594.46838,-775.88873,492.11954,-974.29456,-566.76465,156.0143,-399.25336,NA,NA,NA
250,2.49,-647.81763,1354.07312,-469.78082,-651.8598,1614.22705,-631.95081,-536.84595,1502.0863,-567.71948,-754.75946,1439.51965,-525.95605,-489.14542,1378.4679,-667.72797,-811.09155,1364.35864,-723.34534,-658.37897,1243.27136,-658.71625,-648.01074,1387.03357,-808.69061,-356.61914,1037.88525,-686.12213,-914.58795,1050.34912,-779.61951,-323.46707,791.49884,-711.50543,-958.4278,819.01044,-678.52081,-603.26923,962.38757,-650.68427,-727.5509,935.2298,-690.47296,-566.55878,901.19904,-912.62036,-550.60846,431.85828,-581.64423,-778.08545,491.16669,-965.60309,-571.15784,156.83279,-383.72467,NA,NA,NA
251,2.5,-648.08344,1352.41907,-460.47614,-652.65143,1613.04895,-620.43506,-537.61188,1500.41968,-556.91193,-754.81769,1438.62463,-514.40796,-490.15079,1376.40247,-657.78271,-812.78784,1363.76538,-712.57642,-659.19934,1241.88147,-646.85376,-649.4635,1385.29028,-797.19171,-358.55905,1034.76855,-675.61993,-915.19073,1048.58142,-767.42889,-327.19983,789.36041,-696.89514,-958.93127,817.53949,-667.20258,-606.49164,960.62158,-636.60553,-730.55334,933.67169,-678.43701,-569.09106,899.26184,-899.82367,-554.45654,429.34808,-567.76794,-781.18243,490.50864,-956.40607,-576.01624,156.6664,-369.0549,NA,NA,NA
252,2.51,-649.07642,1351.62012,-446.88858,-653.1861,1612.35339,-609.37201,-538.75079,1499.09009,-545.9198,-756.06653,1437.93127,-503.18515,-491.25424,1374.15161,-644.85309,-814.46179,1362.89478,-700.77832,-661.15381,1240.65491,-635.76111,-650.52094,1384.09412,-786.19098,-360.27042,1033.24207,-666.9823,-916.68658,1048.1106,-757.03601,-326.29688,786.60718,-701.612,-958.88849,815.93085,-655.52795,-609.08569,960.29333,-625.3974,-732.80267,932.62872,-667.59442,-571.18726,897.52515,-885.95587,-558.48712,428.44171,-553.3996,-783.51465,489.33304,-946.12689,-581.47375,156.23894,-354.99536,-346.1507,661.68732,-651.26196
253,2.52,-650.30823,1350.95398,-436.28781,-653.75769,1611.41272,-597.83405,-539.28687,1498.81006,-535.72168,-756.76819,1437.0874,-492.13458,-492.67139,1372.51343,-634.64935,-815.43274,1361.86792,-689.21832,-663.03601,1239.69092,-621.93793,-651.6745,1382.31226,-774.48523,-362.2052,1030.88477,-657.16223,-915.62506,1046.16785,-743.5011,-327.90256,785.31317,-695.23413,-959.75769,814.00116,-644.28064,-611.76355,959.86841,-610.29028,-736.11871,930.79852,-653.80951,-573.63287,895.53729,-872.0155,-561.79407,425.39059,-540.35828,-785.59003,488.75821,-936.15082,-586.12494,154.87036,-343.0939,NA,NA,NA
254,2.53,-651.17535,1350.01465,-426.50897,-654.14978,1610.91577,-586.9696,-539.84204,1497.53943,-523.98236,-757.4137,1437.37805,-480.42126,-493.09955,1371.08496,-622.73932,-815.80267,1363.42017,-676.67694,-665.18805,1238.6925,-609.46613,-652.62671,1380.8407,-762.85876,-364.5535,1028.97168,-647.79156,-915.58588,1045.14941,-731.8374,-330.28098,783.31879,-688.33527,-960.79138,812.60358,-633.96356,-614.3382,958.96606,-596.0603,-739.02917,930.84528,-639.06537,-575.61768,893.77972,-857.49591,-565.86621,422.95422,-525.76099,-787.81592,488.10757,-924.72235,-590.72638,152.1203,-329.87659,NA,NA,NA
255,2.54,-652.18665,1350.35327,-411.19046,-654.43976,1610.79565,-576.10089,-540.16779,1497.34094,-513.50116,-758.59198,1437.86279,-469.48694,-494.66092,1369.30701,-610.50018,-816.84058,1362.73425,-664.45477,-666.34656,1239.53931,-597.70557,-653.41858,1379.43884,-751.38959,-366.45212,1026.6543,-638.07251,-915.50256,1044.32532,-720.36871,-332.83383,781.1507,-683.01514,-959.76398,811.24036,-622.37848,-617.06488,958.60809,-581.55695,-742.33807,929.57031,-628.19244,-577.51093,891.77057,-842.35364,-568.16345,420.77359,-513.72424,-789.75195,488.41779,-914.05634,-596.32391,150.21336,-319.03784,NA,NA,NA
256,2.55,-651.91797,1351.27881,-402.8093,-654.5697,1610.79443,-565.35248,-540.5965,1497.47156,-502.7832,-758.66174,1438.38989,-457.91092,-495.41022,1367.54675,-597.70477,-818.26379,1361.73535,-654.62006,-667.49872,1238.29797,-584.08899,-654.15948,1378.14172,-739.58588,-368.38632,1024.53198,-628.58911,-915.4118,1043.43738,-707.35974,-334.32281,780.55408,-675.32025,-960.4231,810.86548,-611.28284,-620.50354,957.08105,-567.31744,-744.87311,929.18665,-612.00854,-578.92773,890.79413,-828.76685,-571.15771,417.97925,-499.08942,-791.44714,487.64053,-901.43475,-601.40283,146.49457,-307.13361,NA,NA,NA
257,2.56,-653.14917,1351.96973,-390.03757,-654.72388,1611.29407,-554.58618,-541.04645,1497.59216,-490.95816,-759.4248,1439.64868,-446.44086,-496.17596,1367.48352,-585.9707,-820.57068,1362.29297,-642.8728,-668.7182,1239.34692,-570.7605,-654.97705,1377.17163,-727.6272,-370.75266,1022.776,-618.34656,-915.28693,1042.71033,-695.04669,-337.22986,778.42749,-667.3222,-960.95093,808.92395,-601.15375,-623.48431,956.20129,-553.38159,-748.08746,928.71899,-598.6059,-579.88287,889.17273,-813.54169,-574.24231,415.13339,-486.17917,-793.01129,487.49176,-888.30719,-606.49255,143.18584,-297.16299,NA,NA,NA
258,2.57,-652.58551,1353.17188,-379.58887,-654.88098,1611.81372,-543.80981,-541.32178,1497.71875,-480.30377,-759.12891,1441.33691,-434.75482,-496.35959,1366.79321,-576.23987,-820.56409,1364.07837,-629.93182,-671.42999,1240.42029,-558.83282,-655.85944,1376.573,-716.05768,-372.96103,1021.50702,-607.44867,-915.08496,1042.74292,-683.70135,-337.93127,778.14069,-661.38666,-960.97473,808.86578,-589.87451,-625.72021,955.47736,-539.28864,-749.89624,927.67108,-583.82477,-580.32013,888.35327,-798.6106,-576.63275,413.90359,-472.75519,-794.97339,487.38303,-874.15131,-611.38019,138.17439,-286.00607,NA,NA,NA
259,2.58,-653.43298,1355.67029,-365.94455,-654.883,1612.65454,-533.43689,-541.53326,1498.62036,-470.0462,-759.52911,1442.77319,-422.26886,-497.82852,1366.45325,-564.04517,-821.35303,1364.74451,-617.68793,-672.81226,1240.43933,-546.90009,-656.95447,1376.1991,-703.59235,-375.34067,1020.55389,-597.17487,-914.95605,1042.9884,-670.9975,-340.29294,777.74719,-651.43536,-961.2804,807.86853,-579.04095,-626.78467,955.06415,-523.76105,-751.90674,928.40088,-566.23712,-580.52991,887.79535,-783.37885,-579.67426,413.36053,-457.55536,-795.9425,486.99911,-858.45166,-615.75769,134.30536,-276.79156,NA,NA,NA
260,2.59,-654.85278,1357.41101,-352.14987,-654.82391,1613.57861,-522.87024,-541.37628,1500.06091,-460.19543,-760.48877,1444.81384,-410.65826,-498.76474,1366.3999,-552.26685,-822.85449,1365.98364,-606.06635,-674.62573,1241.32593,-533.24121,-658.2959,1376.27515,-692.18878,-377.46133,1019.83832,-587.57861,-915.26349,1043.02893,-658.11591,-340.94962,777.64465,-644.54498,-961.50897,807.01105,-568.72076,-627.75269,955.1026,-509.12354,-752.99133,928.48828,-553.45422,-581.11481,887.20746,-769.71655,-584.46484,415.8284,-441.06198,-796.58856,486.96655,-842.73108,-620.53418,129.9102,-268.7435,-895.4129,709.95538,-448.85165
261,2.6,-653.57697,1359.00317,-344.31204,-654.83075,1614.44067,-513.62628,-542.21881,1500.80774,-447.75919,-759.79608,1447.01941,-399.24316,-500.14917,1367.39392,-541.91016,-824.57733,1366.94165,-593.64032,-676.27167,1242.62903,-523.3468,-659.79883,1376.53809,-680.85449,-379.77014,1020.8656,-574.75153,-917.19629,1044.64941,-646.8692,-341.06985,780.22308,-636.5946,-961.98651,806.90863,-558.35303,-629.7467,955.74463,-497.36365,-755.0332,927.93744,-541.63812,-581.03784,885.97412,-754.91345,-588.41669,421.58365,-424.97665,-797.31018,486.11197,-824.84869,-625.29938,126.49764,-262.39117,NA,NA,NA
262,2.61,-654.48004,1361.68909,-331.13058,-654.72815,1615.46692,-504.08316,-541.92633,1501.77515,-437.94733,-760.79071,1449.672,-388.70941,-501.44788,1368.34753,-530.48053,-825.7655,1368.0127,-581.38043,-676.64893,1244.30005,-507.13092,-661.58148,1376.70068,-669.2782,-382.63083,1021.12817,-565.27594,-917.14789,1045.21265,-633.7774,-341.26202,781.42285,-626.37756,-962.15906,806.93292,-548.63239,-629.96332,956.97577,-481.75513,-755.56665,926.63153,-530.56378,-582.99921,886.72095,-742.12567,-593.09448,426.60654,-407.99002,-797.88843,486.93057,-808.00983,-630.01111,122.724,-256.88919,NA,NA,NA
263,2.62,-654.73584,1364.44495,-320.35092,-654.47729,1615.11169,-494.69586,-542.12268,1503.35291,-428.97198,-760.49225,1451.78015,-377.99411,-503.09225,1368.84424,-520.48907,-827.12177,1369.00769,-568.93793,-678.26172,1245.17859,-497.0087,-663.39923,1377.12769,-657.98895,-384.99149,1023.46417,-555.13336,-916.91614,1045.13855,-621.30457,-342.91168,783.28833,-616.72253,-961.97888,806.85663,-538.79358,-630.18945,959.13556,-469.98035,-755.21973,928.55438,-512.30536,-583.99115,886.4295,-728.42267,-597.26709,432.81775,-389.56558,-797.72125,486.51523,-790.22235,-634.12549,119.4229,-252.1543,NA,NA,NA
264,2.63,-654.96991,1367.13892,-308.03058,-654.26617,1616.33228,-486.49402,-542.06396,1504.35254,-419.62823,-761.14319,1454.23816,-367.10519,-504.1337,1370.1698,-510.51025,-828.28033,1370.09961,-556.46564,-678.79004,1245.99536,-486.31522,-665.48712,1377.62415,-647.93982,-386.66995,1024.58484,-545.01337,-918.6123,1046.27429,-609.27258,-341.97507,784.89734,-604.75824,-961.83356,806.03644,-528.91675,-630.40405,960.90179,-460.40894,-754.83972,928.56049,-505.01068,-586.24084,887.05493,-716.20068,-600.79352,437.28763,-373.93896,-798.3623,487.08395,-771.39001,-637.10913,116.42991,-247.98822,-789.55914,539.65662,-368.32001
265,2.64,-655.39709,1370.6969,-297.6568,-654.69836,1617.03833,-478.25198,-542.28644,1505.12073,-410.91467,-760.93872,1456.57874,-356.43765,-505.23236,1372.09534,-501.52115,-829.8869,1369.61633,-545.84625,-679.51398,1248.1637,-474.76294,-667.58069,1378.42126,-637.82983,-388.5087,1026.02417,-535.02759,-919.23907,1047.27063,-597.92133,-341.41464,787.07074,-593.28143,-962.31,806.04102,-519.92731,-629.14795,963.70416,-445.43964,-754.40582,930.92572,-484.75684,-588.12219,887.11731,-704.7467,-605.1076,441.25208,-357.1293,-797.16089,485.35037,-750.84613,-641.44153,112.42481,-243.3578,NA,NA,NA
266,2.65,-655.02692,1372.58691,-288.52118,-654.53271,1618.63367,-470.24106,-542.9115,1506.49353,-402.53693,-761.51062,1459.24316,-346.42661,-506.40738,1373.18372,-491.69257,-830.57318,1371.90735,-532.97656,-679.57196,1249.82532,-459.44403,-669.82288,1379.32458,-627.8692,-387.93671,1028.43555,-524.51746,-920.18414,1047.20483,-585.74664,-341.3613,789.06482,-583.52161,-962.74365,805.43384,-510.18573,-628.75488,965.40161,-436.56198,-754.50098,931.55811,-479.55475,-590.71991,888.04645,-692.99927,-608.20038,443.26242,-341.89859,-797.38037,484.86096,-729.98566,-644.86548,109.1814,-238.29218,-727.61328,138.41725,-936.31842
267,2.66,-655.44861,1376.98254,-275.30933,-654.62756,1620.16138,-461.28482,-542.94696,1507.88489,-393.43692,-761.83362,1461.98853,-336.01193,-507.94589,1375.53992,-483.71545,-831.93939,1373.04285,-522.28876,-680.51318,1250.95837,-450.06323,-672.1955,1380.19946,-617.40247,-388.86423,1030.41858,-515.03021,-921.19885,1047.51245,-572.88861,-340.33005,790.82867,-571.34204,-962.68823,804.67157,-501.58945,-627.27991,968.13654,-423.88928,-752.76715,938.25543,-452.66101,-592.69543,887.72278,-680.90247,-610.96497,444.59558,-327.00818,-797.64044,484.29297,-708.67822,-647.69391,104.74389,-235.10248,-733.55359,146.74715,-915.73047
268,2.67,-654.91687,1378.23718,-268.56525,-655.37885,1622.96008,-452.31296,-543.72144,1510.33618,-386.02835,-761.02209,1465.39709,-325.84708,-507.82553,1379.01294,-475.48172,-833.32477,1373.90271,-510.91208,-681.30371,1253.3739,-439.74127,-674.55713,1381.68225,-608.30249,-386.68878,1033.63391,-505.70892,-921.92017,1048.44653,-561.66229,-338.14166,793.2561,-559.13959,-963.16779,803.65198,-492.65674,-627.83032,969.52899,-414.92737,-753.36084,936.95227,-452.53958,-595.64679,889.24194,-670.98456,-612.50983,445.91736,-316.73331,-798.46558,483.42627,-686.46564,-650.67444,102.15343,-231.40207,-741.75977,156.36852,-895.34753
269,2.68,-655.62897,1382.60095,-256.57092,-655.86359,1625.14087,-443.3024,-543.922,1512.37878,-376.94516,-762.57104,1469.64038,-317.10831,-509.63901,1381.54297,-466.61371,-835.53088,1375.48547,-500.60599,-680.94318,1257.55212,-428.91388,-676.89215,1383.50195,-598.78235,-385.60651,1036.83533,-495.40735,-922.77344,1049.03772,-549.07062,-336.7244,795.83423,-545.29956,-963.31873,803.34009,-483.94617,-625.85101,972.36877,-402.75821,-752.20514,941.80743,-434.43524,-598.11224,890.33521,-660.17236,-611.73846,447.52179,-304.55832,-798.99652,482.62048,-664.35657,-652.02338,100.6468,-229.59142,-749.90186,165.43166,-873.77045
270,2.69,-655.17334,1384.70007,-248.22675,-656.49567,1627.88025,-434.93546,-544.6701,1514.70532,-368.78452,-762.88055,1473.08691,-306.7684,-510.16235,1385.12366,-460.40033,-837.14886,1376.92725,-489.96683,-682.29144,1260.39294,-418.33948,-679.48962,1385.52673,-589.29736,-383.66553,1040.89771,-485.66495,-923.79688,1049.72791,-537.63373,-336.57889,798.7608,-534.05621,-963.87323,803.6073,-475.58704,-624.73969,974.95502,-391.49023,-751.43402,944.74634,-419.15079,-600.09735,892.31238,-649.49884,-610.63416,447.97632,-296.45419,-800.63098,481.92242,-641.8252,-653.23511,100.27966,-228.06282,-758.30603,173.26736,-850.47998
271,2.7,-654.92365,1387.57458,-240.32832,-657.02582,1631.09106,-426.10803,-544.53033,1517.20471,-361.94528,-762.77991,1476.28491,-297.06567,-512.06525,1387.39014,-452.23291,-838.43097,1378.61145,-478.82614,-682.14783,1263.58362,-407.2197,-681.73816,1388.19531,-580.68011,-382.35632,1044.90149,-475.59912,-924.4444,1051.10217,-526.74713,-332.31427,806.24451,-499.76324,-964.21539,803.93701,-465.85492,-624.50635,977.87964,-379.59821,-752.0741,947.53516,-406.34772,-602.51056,893.88617,-639.73724,-606.82825,448.15091,-289.74701,-802.12836,481.32343,-618.10797,-653.44806,101.04137,-227.59756,-767.8233,180.44916,-828.2262
272,2.71,-654.84338,1391.25781,-231.17281,-657.62708,1634.17651,-417.82297,-545.71478,1520.64343,-354.66568,-761.09973,1479.14941,-286.70068,-512.32074,1392.06799,-445.16464,-840.09723,1380.59033,-469.07147,-682.7179,1267.06335,-398.28799,-684.31348,1390.32642,-571.44128,-380.7486,1049.21436,-466.25055,-924.98383,1052.28259,-515.64398,-329.91272,810.88837,-484.04718,-964.44122,804.92847,-456.42575,-624.21503,980.59021,-372.44119,-751.3172,950.0993,-399.52554,-604.52307,896.33051,-629.33887,-602.41638,449.97238,-284.26486,-804.591,481.29257,-594.25922,-653.04077,101.64438,-227.14575,-775.9693,186.67212,-805.43518
273,2.72,-653.81329,1394.02759,-225.62975,-658.98737,1638.38062,-409.38211,-545.58862,1523.57629,-347.37543,-763.5495,1482.81396,-278.89236,-514.08698,1395.23157,-438.42303,-841.63873,1383.03638,-458.38028,-683.39825,1269.84937,-388.36185,-686.5813,1392.94141,-562.31018,-379.81006,1054.25391,-456.81982,-925.5755,1054.35437,-505.20609,-332.87219,811.09418,-488.54068,-964.73004,806.79156,-446.42514,-625.1651,983.57111,-363.05469,-752.52161,952.91626,-390.80396,-606.47552,899.29242,-619.02722,-596.41602,450.64755,-279.63873,-807.00012,482.37955,-569.68646,-653.14435,103.69231,-228.77187,-785.52814,192.97195,-782.1322
274,2.73,-654.27417,1398.55054,-214.20892,-659.98444,1641.88574,-401.7225,-546.86914,1527.37451,-339.70004,-761.00293,1486.16272,-268.87097,-515.56519,1399.39392,-431.10059,-843.06506,1386.0719,-448.69519,-683.06598,1273.49622,-377.27402,-688.74872,1395.93201,-554.35883,-378.98831,1058.95032,-446.80621,-926.12933,1056.56628,-495.22519,-332.51193,815.71033,-473.4523,-965.64075,809.4483,-437.26807,-623.79639,988.66052,-350.71365,-752.2074,957.06671,-376.95929,-608.80707,902.44464,-609.83154,-590.95135,451.19351,-275.76843,-808.4408,483.17911,-543.96399,-652.66132,104.44968,-229.20433,-793.49725,197.30341,-757.82983
275,2.74,-653.64648,1401.35669,-207.95909,-661.15204,1645.28149,-393.55386,-546.95239,1530.64355,-332.75397,-760.8092,1490.18469,-259.6124,-516.65302,1403.49707,-424.27374,-844.13171,1388.72168,-438.91992,-684.62244,1276.33496,-371.3255,-690.95587,1398.14001,-544.43536,-378.32202,1063.50464,-437.46054,-926.69208,1059.13879,-484.57281,-331.35379,820.33728,-459.5954,-965.3587,812.05615,-427.61334,-623.88629,992.54059,-340.16833,-751.22144,961.53357,-363.69379,-610.43652,904.95697,-600.4223,-584.06714,450.8291,-270.76428,-811.39136,485.34811,-519.32208,-651.02441,105.59753,-229.35947,-803.0509,201.71373,-733.0379
276,2.75,-653.23273,1404.58508,-199.6456,-662.29553,1648.98999,-385.42395,-547.79181,1534.64087,-325.6225,-760.99933,1493.70703,-251.24391,-517.69104,1407.06763,-416.73697,-845.15094,1390.2522,-430.05557,-683.70947,1280.97571,-363.06155,-692.85022,1400.94946,-536.8042,-378.56757,1067.84216,-428.18515,-926.9126,1061.94714,-474.92896,-326.72775,831.55646,-425.51331,-965.46997,814.36237,-416.98019,-624.11072,995.5293,-331.98389,-751.92761,965.56946,-353.30768,-613.073,908.64795,-590.99701,-578.65985,449.58911,-268.2113,-814.72321,487.79996,-493.39737,-649.15875,106.10217,-229.37025,-812.64868,206.27301,-707.35339
277,2.76,-652.85229,1409.45117,-190.49454,-663.30591,1652.91638,-378.20779,-548.323,1537.99365,-318.72525,-761.65558,1497.78772,-241.78374,-518.7995,1411.17786,-409.83945,-846.2179,1395.08057,-419.39969,-683.96472,1284.9458,-352.75369,-694.39307,1403.03723,-528.04413,-377.85471,1072.4939,-418.36325,-926.96924,1064.91602,-464.42648,-325.23648,837.56256,-407.19864,-965.73505,817.53528,-407.19183,-622.88007,1000.11737,-323.09656,-751.72278,969.56201,-343.37897,-614.66492,911.98065,-581.37976,-571.37592,448.6702,-265.98621,-818.25665,491.84,-468.23459,-647.11975,106.25833,-229.30336,-820.93073,208.38837,-680.66888
278,2.77,-652.35455,1413.76526,-183.41641,-664.5567,1656.24512,-370.82623,-549.41815,1542.03162,-310.71368,-761.29468,1501.61719,-234.5576,-519.87341,1415.37268,-402.53082,-847.61621,1398.2196,-410.12027,-684.13348,1288.00305,-345.75732,-695.94629,1405.83215,-519.82379,-378.17609,1077.55029,-409.24442,-927.1861,1068.09949,-454.50101,-324.5983,844.3963,-393.8681,-966.32074,820.79285,-397.02365,-623.45978,1003.43335,-315.4617,-750.48804,972.73273,-331.58707,-617.27228,915.19806,-572.12384,-564.82825,447.76602,-264.37921,-822.2644,496.20621,-443.18933,-644.80396,106.14027,-228.0033,-830.36859,211.53377,-652.39215
279,2.78,-651.97485,1416.96143,-174.39957,-665.62622,1659.32654,-363.22983,-549.17072,1546.14929,-305.09818,-761.76794,1505.43921,-226.70381,-520.52252,1418.85339,-395.40982,-847.97247,1401.22754,-400.80777,-684.37848,1289.95056,-339.94836,-697.37018,1408.50037,-511.87286,-378.57184,1081.79297,-399.32913,-927.96722,1071.01196,-444.13168,-323.25543,850.7373,-377.30109,-966.80933,824.30609,-386.92545,-621.29974,1007.74323,-304.55356,-750.49127,977.14203,-321.4458,-618.97308,917.03906,-562.35144,-557.59558,447.13733,-263.84399,-826.35339,500.87073,-417.36221,-643.5918,105.65977,-227.51196,-339.60251,842.34503,-364.21259
280,2.79,-650.82574,1421.05725,-167.99747,-666.63159,1662.84375,-356.06912,-550.12433,1549.87646,-297.72226,-760.87732,1507.96643,-217.83434,-521.32397,1422.46228,-388.71432,-848.50647,1403.99268,-390.87329,-684.25409,1293.82715,-329.27686,-698.59418,1410.91687,-502.98154,-378.71771,1085.69434,-390.12915,-928.60406,1074.10437,-434.43356,-321.00757,857.43048,-361.02805,-967.23041,826.78271,-376.2182,-619.90369,1011.66339,-296.75711,-749.05743,981.50586,-309.94894,-622.12097,919.67206,-553.67029,-550.08038,446.71173,-261.94113,-830.76422,505.16205,-391.12274,-639.86615,105.81664,-225.62659,-347.07993,757.97559,-270.5354
281,2.8,-650.13007,1425.55493,-160.27095,-667.60229,1666.18518,-349.54245,-549.99878,1553.41418,-292.19833,-760.42078,1511.00342,-209.6524,-522.14136,1425.93018,-381.85791,-850.14154,1405.86304,-382.56146,-683.62634,1299.09473,-322.35974,-700.33704,1413.05652,-494.76395,-379.02246,1089.54822,-380.16055,-929.13684,1076.85425,-423.64609,-319.43494,863.05615,-344.37973,-968.12689,829.82214,-365.88907,-617.8302,1015.58569,-287.39313,-749.20477,984.35663,-299.379,-625.60291,922.4353,-544.76068,-544.03534,446.61508,-261.49051,-835.13831,510.74399,-366.26224,-638.43878,103.87582,-225.963,NA,NA,NA
282,2.81,-649.64886,1428.73474,-150.93118,-668.50299,1668.98792,-342.00623,-550.27435,1557.55627,-284.9288,-760.43414,1514.7356,-201.5139,-523.06952,1429.31311,-375.16608,-849.34625,1409.45264,-372.39673,-684.73883,1302.54419,-311.60779,-701.33997,1415.09485,-486.59241,-378.9689,1092.69971,-370.48581,-929.63678,1079.47205,-413.77222,-322.97324,863.15051,-353.01428,-968.29279,832.59302,-354.89316,-616.63068,1018.0946,-277.98114,-746.72943,988.00079,-286.90747,-628.76135,923.91571,-535.12494,-537.69971,445.90738,-261.21463,-839.88947,516.50372,-341.31604,-634.18518,103.45628,-224.40094,-860.69672,217.75143,-542.88715
283,2.82,-648.49689,1432.72852,-144.52667,-669.26062,1671.65466,-335.61517,-550.37219,1560.61389,-277.47726,-759.91876,1518.28198,-194.11253,-522.91235,1432.36621,-368.76904,-850.14026,1412.24658,-363.09799,-683.87982,1304.2666,-306.60242,-702.08417,1416.7395,-478.39194,-379.51801,1096.36804,-361.55194,-930.56024,1081.88892,-403.27606,-320.22342,870.90839,-336.27786,-968.96271,835.17981,-344.53873,-615.04858,1020.52045,-270.45993,-746.07977,991.31323,-276.84869,-632.43402,925.42682,-526.15924,-532.33533,445.4248,-261.5592,-843.80975,523.5799,-317.88361,-630.91595,102.63731,-224.58829,-869.73187,221.51192,-503.48682
284,2.83,-647.65088,1437.19568,-136.2765,-670.06073,1674.06848,-329.40771,-550.25793,1563.25781,-270.42154,-760.0993,1521.48584,-186.1172,-523.66364,1434.97217,-361.79007,-850.01294,1414.37378,-354.03107,-683.08777,1307.19397,-296.39099,-703.12976,1418.28796,-469.84628,-379.55685,1099.15955,-351.55786,-931.82941,1084.32227,-393.34726,-318.38583,877.49988,-321.53265,-970.23529,837.90631,-333.62854,-613.71301,1023.2663,-261.32556,-744.4223,994.87091,-265.73462,-636.64709,927.65143,-517.42102,-527.94019,444.69528,-262.54123,-848.04633,532.026,-295.64444,-627.24609,101.74532,-223.34596,-874.9657,218.88544,-484.55518
285,2.84,-646.66205,1440.01685,-128.12022,-670.651,1676.37817,-321.97751,-550.59436,1566.78162,-263.90741,-758.77698,1523.64673,-176.60866,-523.36188,1436.97827,-354.67139,-850.41492,1416.53577,-344.7197,-683.18073,1309.51257,-286.54761,-704.37427,1419.73645,-461.18704,-379.2598,1101.84277,-342.46017,-932.92572,1086.43518,-383.68542,-317.84656,883.77917,-308.58316,-970.79626,839.47845,-322.68134,-612.23041,1023.59924,-253.1843,-744.21692,996.77026,-257.66592,-639.87732,929.7287,-508.96268,-522.78003,444.84155,-263.23788,-850.16034,538.59442,-271.70779,-621.43854,100.16995,-223.32417,-882.10004,219.31308,-452.27856
286,2.85,-645.75781,1443.8501,-119.86793,-671.15851,1678.35742,-315.27457,-550.41919,1569.68616,-256.8681,-758.4859,1526.19568,-169.26408,-523.91235,1439.18835,-348.28555,-849.94336,1418.09082,-335.49719,-681.99219,1311.64465,-280.42786,-704.87268,1420.90161,-452.9111,-379.83316,1103.86731,-332.60858,-933.87482,1088.20691,-374.2594,-315.05643,889.07458,-288.78738,-971.48651,841.61194,-312.31824,-610.43988,1026.58655,-242.06416,-741.57605,998.78284,-243.30452,-642.90753,931.1507,-499.26434,-521.2323,444.51639,-264.20972,-852.41907,545.44458,-248.73729,-616.53192,98.27886,-223.39928,-889.98932,221.07463,-413.44171
287,2.86,-644.13574,1446.11243,-114.01211,-671.51636,1680.1488,-308.82394,-549.87701,1571.93286,-249.76718,-757.87067,1529.06909,-161.5421,-524.08026,1441.24658,-340.70447,-850.46283,1420.08972,-326.63245,-681.28259,1313.72729,-271.68066,-705.39673,1421.75037,-444.04443,-378.85217,1106.57458,-323.24191,-934.78888,1089.34656,-364.14056,-309.74347,900.88538,-255.40535,-972.24957,843.26764,-301.38226,-608.81635,1027.49316,-233.69974,-742.16486,1000.45996,-234.15495,-646.60498,932.17151,-490.73932,-522.04974,443.55963,-265.01282,-854.11768,551.76154,-226.61163,-612.63788,96.16924,-224.70453,-895.60486,220.03505,-384.07748
288,2.87,-642.52881,1449.00122,-105.29267,-671.7334,1681.6084,-301.63379,-550.16553,1573.9187,-243.4747,-756.41412,1531.17896,-152.3623,-523.74634,1442.69189,-334.61871,-850.23389,1421.33459,-316.92111,-681.38983,1315.94775,-261.11398,-706.0639,1422.65491,-435.95212,-378.90344,1108.02625,-314.8313,-935.26678,1090.70496,-354.57013,-308.01559,906.53156,-242.50801,-972.99713,845.01654,-290.64761,-607.5611,1027.7832,-227.3217,-739.93707,1002.03088,-222.86935,-650.26337,933.48486,-482.035,-520.93915,443.03476,-265.95654,-855.62018,558.19397,-204.3998,-606.38483,94.41198,-224.99124,-900.92847,219.49252,-353.9646
289,2.88,-641.77966,1452.5199,-95.16879,-671.96368,1682.61133,-294.34592,-549.45264,1576.08936,-236.80899,-756.12848,1532.70093,-144.54907,-523.58478,1443.95874,-326.99844,-850.34393,1421.83557,-306.3869,-680.09009,1315.92932,-254.29089,-707.09039,1423.74231,-427.70334,-376.81024,1111.61548,-304.14539,-936.09778,1091.45825,-344.01645,-306.18521,911.67462,-228.60568,-973.75421,846.15027,-279.42191,-605.84058,1028.11377,-217.70224,-739.26898,1001.79883,-215.42987,-653.5141,933.97717,-472.16718,-521.20538,442.22748,-266.04529,-857.83521,563.86035,-183.58937,-600.87366,92.34854,-228.13811,-905.52747,217.1636,-324.97778
290,2.89,-640.1911,1454.17395,-87.26995,-671.96704,1684.0249,-286.62109,-549.11157,1577.63831,-229.26912,-755.39075,1534.49304,-136.52592,-523.78766,1445.31909,-320.20123,-849.8822,1422.90247,-297.1142,-679.17487,1316.91492,-246.11372,-707.61353,1423.99707,-418.23642,-376.06512,1113.55994,-294.18399,-937.13495,1092.65198,-333.4791,-303.17279,915.13538,-208.72737,-974.48773,847.21472,-267.92557,-604.46777,1028.58557,-208.44785,-738.26392,1003.3576,-202.89265,-656.73523,934.5658,-463.18036,-521.75244,440.67639,-266.41055,-858.36353,570.49609,-165.92912,-595.45239,90.19648,-230.08684,-910.1109,216.69455,-294.82489
291,2.9,-638.88055,1456.03687,-78.02906,-671.71387,1685.08032,-280.08023,-548.0968,1579.21094,-222.39389,-753.77234,1536.41809,-128.07974,-524.0246,1446.08984,-313.03326,-849.92633,1423.76306,-287.86002,-679.1532,1319.64807,-234.97075,-707.88202,1424.5929,-409.66901,-374.50906,1115.89941,-283.74948,-938.09314,1093.51477,-324.03937,-302.00143,920.22168,-196.08046,-974.65063,847.82751,-256.23621,-603.14856,1028.58875,-199.69818,-738.73151,1004.95819,-192.79405,-660.39032,935.03418,-454.17841,-522.74878,439.17123,-266.19562,-859.26227,576.85278,-149.09662,-590.72064,88.20675,-232.40924,-914.38373,212.26587,-268.30655
292,2.91,-637.09515,1457.28552,-70.68522,-671.4386,1685.63916,-271.56906,-547.92444,1580.97681,-212.50313,-752.10736,1537.78625,-118.6134,-523.7312,1447.16833,-305.99075,-849.14893,1424.08972,-277.21777,-678.06616,1320.20947,-226.53777,-708.75641,1424.94141,-401.03397,-373.88995,1116.62317,-274.79922,-938.71991,1094.13159,-313.18176,-299.82938,924.33557,-183.76039,-975.15405,849.01886,-245.89273,-603.88544,1027.91895,-191.57933,-736.63794,1005.80548,-181.24095,-663.20483,935.28394,-444.81567,-523.35474,438.42349,-265.69943,-860.24042,581.60303,-131.59782,-585.50049,85.82642,-235.08459,-918.09729,206.56641,-246.43593
293,2.92,-634.98224,1458.78516,-63.14284,-671.07349,1686.34473,-264.86914,-547.14465,1581.64453,-204.5675,-750.72858,1539.05066,-110.51884,-523.71204,1447.48242,-298.38745,-848.86469,1424.75745,-267.28012,-676.89642,1319.91321,-220.16568,-709.91522,1426.11121,-392.23859,-372.8093,1117.72424,-265.21753,-939.21307,1094.38171,-302.0314,-298.60406,928.84314,-171.17479,-975.59351,849.3999,-233.98329,-603.01544,1027.87439,-184.75348,-737.84949,1005.40198,-173.95941,-666.51294,936.02142,-436.33734,-524.9317,437.50949,-265.54379,-860.60986,585.85687,-116.8919,-578.24762,83.99487,-238.01181,-921.13422,202.69632,-219.50246
294,2.93,-633.10382,1459.42224,-55.58965,-670.54059,1686.55383,-256.48474,-545.99756,1581.91846,-197.33723,-750.16339,1540.1676,-102.28853,-523.26129,1447.2627,-290.47809,-848.6662,1424.58716,-256.78897,-675.65375,1320.0553,-212.32182,-709.96014,1425.42871,-383.10135,-371.75858,1119.48328,-254.36423,-939.73206,1094.98889,-291.6749,-297.73038,931.29047,-155.66319,-975.83508,849.98938,-222.66747,-602.04535,1028.60974,-174.08617,-737.09753,1006.33783,-163.37534,-669.08374,935.8371,-426.96619,-525.29535,437.28723,-265.50125,-861.73322,589.1571,-103.24249,-573.71918,81.83656,-241.27007,-924.84448,196.67613,-191.46405
295,2.94,-631.22778,1460.83411,-46.68678,-670.0155,1686.47717,-249.28058,-544.82458,1582.08545,-190.3744,-748.03583,1540.14624,-92.30405,-523.12189,1447.48376,-282.74725,-847.92413,1425.11401,-246.92149,-675.8288,1320.09448,-198.93614,-710.50079,1425.52246,-373.47614,-370.68759,1121.00085,-244.63158,-940.50378,1095.25073,-280.35532,-296.6908,934.66449,-145.66177,-976.28424,850.64276,-211.31667,-603.42255,1028.33679,-165.15948,-735.96509,1006.83307,-152.67487,-672.34619,935.40747,-417.38699,-524.72449,437.27084,-264.7529,-863.72449,591.41284,-91.68168,-568.97614,80.17664,-244.91351,-927.10602,191.45175,-163.12833
296,2.95,-628.66071,1461.21191,-38.37119,-669.34656,1686.35266,-241.07323,-543.77283,1581.95374,-183.02168,-746.40295,1540.91943,-83.75022,-522.93689,1447.37781,-274.84323,-848.97223,1423.59058,-237.30051,-674.90631,1320.48303,-191.17427,-711.42401,1425.77209,-364.50241,-369.39771,1122.07434,-235.34367,-941.27875,1095.36194,-269.20459,-295.63113,937.99304,-132.2429,-976.51984,851.07452,-199.92436,-603.64264,1027.68384,-156.9478,-736.70319,1007.61835,-143.38353,-674.6781,933.67352,-406.99377,-525.16516,436.74377,-263.37286,-865.19183,591.30365,-79.82977,-564.60486,78.88474,-249.37949,-928.79401,185.11314,-133.02083
297,2.96,-626.51373,1461.75854,-29.78448,-668.57776,1685.90051,-233.00182,-542.44159,1581.92334,-177.44141,-744.25867,1540.85596,-74.06295,-522.92981,1446.73279,-266.65701,-847.1665,1425.34277,-225.64018,-673.78534,1319.52893,-182.99422,-712.34009,1426.22437,-355.68436,-368.51105,1122.79834,-225.74194,-941.30969,1095.6543,-257.86823,-294.03986,941.03607,-118.06033,-976.35785,851.09467,-187.5248,-602.27441,1027.92419,-149.2282,-736.84784,1006.83191,-134.91608,-677.65424,934.48792,-398.08282,-525.92279,435.81744,-262.25284,-866.63837,590.37244,-68.53225,-560.69574,77.53541,-253.39496,-928.62225,176.19263,-107.62566
298,2.97,-624.19757,1461.82117,-19.93971,-667.74573,1685.33093,-225.14766,-541.37689,1580.83167,-167.47878,-741.42059,1541.2804,-64.0289,-523.09735,1446.23462,-258.74545,-846.53534,1425.00623,-215.29875,-672.26801,1318.74683,-176.01288,-712.73834,1425.41602,-346.62726,-368.24506,1123.67566,-215.66742,-941.57556,1095.57617,-246.36732,-292.41119,942.68262,-103.91989,-976.25775,850.41327,-174.90712,-604.12341,1027.3916,-141.33151,-736.38422,1007.5639,-124.21257,-680.01331,933.79675,-388.57626,-525.95563,434.78772,-260.55728,-867.64508,588.18976,-59.15358,-556.54254,76.79511,-257.59842,-927.02222,166.79565,-82.43581
299,2.98,-622.3681,1461.22668,-11.74558,-666.68243,1685.07605,-216.4706,-539.93475,1580.53601,-161.86241,-739.93341,1541.35962,-55.40256,-522.34137,1445.5282,-251.22787,-846.18243,1425.16187,-204.75865,-672.09088,1317.65588,-165.63628,-712.88257,1424.46899,-336.59293,-367.34879,1124.18079,-205.95293,-941.97601,1095.84155,-234.62508,-291.87762,945.31024,-96.42892,-976.44293,851.43335,-164.24974,-603.69641,1027.05859,-131.22292,-736.46295,1007.79547,-114.48833,-682.86389,932.60498,-378.63766,-526.33405,434.48038,-258.54816,-867.80774,584.49329,-51.3484,-553.37836,76.45455,-261.0126,-925.61517,160.78473,-48.42463
300,2.99,-619.60229,1461.30798,-2.39694,-665.68134,1684.1012,-208.49861,-538.60718,1579.0769,-151.93494,-736.99268,1541.16211,-45.08379,-522.31561,1444.6936,-242.61813,-845.79303,1423.16602,-194.48056,-671.17969,1317.6908,-157.20461,-713.68408,1424.40796,-327.36096,-366.11136,1124.31689,-197.4939,-941.78741,1095.78015,-222.84676,-291.03412,946.61145,-83.46335,-976.10822,851.35638,-152.01134,-602.93811,1027.74878,-120.22021,-735.77881,1006.5954,-103.87463,-685.16791,931.77863,-369.29816,-527.46222,433.9039,-255.56482,-866.82733,580.39807,-44.59358,-551.68304,76.01363,-264.79984,-922.1626,153.28914,-17.73024
301,3,-616.85193,1461.0658,5.64763,-664.53998,1683.20044,-199.26184,-537.56299,1578.41016,-145.11961,-734.68433,1540.96118,-35.97208,-522.51202,1443.51282,-235.02512,-845.12555,1425.02661,-182.73158,-670.47839,1316.9364,-148.57379,-714.31689,1423.78357,-317.85278,-365.642,1124.05872,-187.79318,-941.89673,1095.52869,-210.52797,-289.69055,948.0332,-72.70211,-975.90704,851.28003,-139.73392,-604.29309,1025.8186,-113.07959,-736.38049,1006.46375,-94.99673,-687.25922,930.42456,-358.71945,-528.255,433.02072,-253.36737,-865.271,573.96057,-37.93906,-549.62115,75.62518,-268.04022,-918.28754,149.05333,14.75536
302,3.01,-613.91583,1460.20935,13.70212,-663.23267,1682.328,-191.33144,-535.69812,1576.99719,-137.15224,-732.23407,1540.24109,-25.90633,-521.94031,1442.24683,-227.08893,-844.27832,1424.56042,-171.35735,-669.76904,1315.44836,-139.30101,-715.11859,1422.84827,-308.52127,-364.56177,1123.44312,-178.65277,-941.82312,1095.8407,-199.25714,-289.65866,949.12103,-61.14988,-975.4635,850.70868,-127.67082,-603.65924,1025.83118,-105.80183,-735.09662,1007.21661,-82.73376,-689.40613,928.80524,-348.77802,-529.50531,432.34967,-249.21342,-862.96661,567.93127,-33.51332,-548.99512,74.50591,-271.41037,-913.60107,144.53714,45.04066
303,3.02,-611.83234,1460.05005,22.2713,-662.06403,1681.21118,-182.286,-534.39874,1576.28174,-131.24799,-729.80774,1540.13794,-16.38573,-522.20953,1440.99194,-219.04587,-843.65717,1424.3219,-160.19188,-669.12378,1315.80591,-130.3797,-715.65906,1422.15039,-298.88055,-364.36356,1122.86169,-169.65106,-941.54541,1095.33179,-186.8905,-287.59015,949.76251,-47.915,-974.61597,850.60223,-115.75467,-602.56494,1025.27222,-94.78698,-733.7149,1005.65204,-72.81481,-692.24713,928.26251,-339.14749,-530.82971,430.92642,-246.47488,-860.72052,561.01117,-29.0573,-548.31036,73.33238,-274.34238,-908.35754,142.50595,74.0121
304,3.03,-609.4021,1458.93066,33.67216,-660.67816,1680.02991,-173.54309,-532.73688,1574.67078,-123.04875,-727.74811,1539.07275,-7.03599,-521.81952,1439.38977,-210.77959,-843.11029,1424.19727,-149.16954,-669.08569,1314.8335,-117.91193,-716.08899,1420.95532,-288.83377,-363.72992,1122.07642,-160.08226,-941.60797,1095.1438,-174.76657,-287.548,949.58276,-40.75922,-974.27148,850.13544,-103.28069,-602.17664,1023.60193,-87.04099,-733.9281,1004.82391,-60.81696,-694.6759,927.45447,-329.37735,-532.83459,429.4259,-243.22635,-856.90918,553.18951,-25.57446,-550.51434,70.95642,-277.99838,-902.47198,143.77444,101.2674
305,3.04,-605.67334,1457.58655,39.53957,-659.39697,1678.77686,-165.12029,-531.41498,1572.79407,-112.87523,-725.32648,1539.00146,2.29373,-522.1441,1438.0603,-203.04968,-841.99695,1423.83459,-137.95732,-668.09583,1312.86707,-109.59412,-716.95532,1419.70471,-278.15335,-364.31448,1120.7345,-152.76166,-941.16406,1094.87659,-162.14369,-287.48257,950.20575,-31.50934,-973.59668,850.27161,-91.71035,-599.84546,1022.89941,-77.09795,-732.18274,1002.98145,-51.35569,-696.56866,926.61841,-319.22263,-533.64667,429.2879,-238.36545,-853.58282,546.94531,-22.78204,-551.08521,69.60893,-281.83212,-895.80261,146.54143,128.48311
306,3.05,-603.32465,1457.25769,49.62645,-658.04785,1677.62598,-156.06081,-529.83911,1572.21228,-109.48953,-722.97748,1538.22229,12.15306,-521.75519,1436.44226,-194.40907,-841.69568,1423.44312,-126.27081,-666.86957,1312.35938,-100.7532,-717.68091,1418.53674,-267.84918,-363.58374,1119.4447,-144.25002,-941.05566,1094.3269,-149.46046,-286.84341,950.94751,-23.3531,-973.00653,849.51617,-79.10155,-599.44244,1020.46448,-69.66898,-731.08191,1002.39185,-39.83554,-699.11896,925.56226,-309.61981,-536.38428,427.91702,-233.55902,-850.01813,541.48718,-23.07611,-552.80786,68.75068,-283.40491,-888.34753,150.74847,152.32863
307,3.06,-600.70679,1456.38257,58.03581,-656.78528,1676.31653,-147.3819,-528.258,1569.74304,-98.08097,-720.58026,1538.15491,21.32759,-521.68665,1434.78186,-186.47168,-840.77869,1422.9425,-114.84651,-666.12347,1311.01746,-90.73706,-718.35638,1417.13464,-257.93521,-363.16599,1118.29553,-136.59154,-940.73859,1093.66565,-136.44734,-285.98257,949.89001,-14.25265,-972.13452,848.86469,-67.06467,-597.15601,1020.04816,-59.6553,-729.13751,1000.1994,-30.44311,-701.28876,923.83795,-299.04477,-536.92456,427.06107,-227.32993,-845.68463,536.90253,-22.91263,-554.89258,68.78801,-286.29413,-879.896,160.96992,183.9501
308,3.07,-597.14783,1455.6145,65.99355,-655.61633,1674.98425,-138.89595,-527.04187,1568.77075,-93.10803,-717.51038,1537.0072,31.63327,-521.41418,1433.74414,-177.70134,-840.14771,1422.20447,-102.87044,-665.60718,1310.06372,-79.71587,-719.00323,1416.2793,-247.85352,-363.32309,1115.88574,-129.46928,-940.35144,1093.10291,-123.20366,-286.20425,948.99115,-7.4605,-971.25867,848.40363,-54.54553,-596.08923,1016.69995,-54.86753,-727.27222,997.85992,-20.18438,-703.07471,922.59705,-288.90677,-540.41455,425.69794,-222.38783,-842.36707,535.68555,-21.88137,-556.77423,68.77802,-288.40903,-872.23584,168.36906,204.52249
309,3.08,-594.00385,1454.92786,76.49915,-654.42828,1673.55164,-130.31679,-525.61877,1567.10742,-85.55103,-715.0647,1536.90515,41.8859,-521.14154,1431.93738,-169.0322,-839.00049,1421.31946,-91.25186,-664.78424,1308.79211,-70.11111,-719.4743,1415.13281,-237.64272,-362.15744,1114.89636,-121.88093,-939.84277,1092.54102,-110.1551,-285.82669,949.9483,0.4994,-970.67938,847.36713,-41.75669,-595.05566,1015.02161,-45.02627,-725.47058,998.32959,-9.54943,-704.85681,921.32025,-278.04288,-541.79572,424.95462,-215.88646,-837.61835,535.02765,-19.36003,-558.3277,69.361,-290.11688,-864.70392,177.4343,221.31766
310,3.09,-590.75757,1454.29272,85.27856,-653.83862,1672.93665,-121.96931,-524.0946,1564.61133,-74.42341,-711.59528,1536.24207,52.30143,-521.43884,1430.55334,-161.19293,-837.77936,1420.81128,-79.59764,-663.64166,1307.95923,-60.61819,-720.45203,1414.19653,-227.5188,-362.87961,1112.93311,-115.5422,-939.466,1091.80994,-96.98337,-284.5798,947.87531,7.03467,-969.46527,846.83911,-29.20908,-594.04633,1014.11432,-32.22488,-724.90082,996.02783,0.58128,-706.50165,920.1651,-267.19379,-544.44116,423.70575,-209.49173,-833.23187,536.63733,-14.87536,-559.77802,70.59422,-291.20789,-856.6944,184.18536,239.14235
311,3.1,-586.29742,1453.73865,101.47118,-652.32745,1671.83435,-113.47122,-522.81653,1563.88135,-70.42071,-708.94647,1535.65552,62.99269,-520.89777,1429.61414,-152.70831,-836.9306,1420.35608,-67.81668,-662.38074,1306.54626,-52.16833,-721.04138,1413.62671,-217.00328,-363.88647,1111.32813,-109.29385,-939.04242,1090.8728,-84.01353,-284.6467,947.12238,12.73257,-968.24548,844.70129,-16.23343,-593.75946,1012.53754,-24.14683,-724.30591,994.87274,7.64508,-708.38684,918.40399,-256.28806,-547.17975,422.76239,-203.32834,-827.50873,537.60132,-6.53615,-563.42828,69.71893,-294.2644,-848.55243,191.93631,255.84262
312,3.11,-582.7179,1452.0094,108.75638,-651.22638,1670.06763,-103.48235,-521.52435,1562.19971,-61.51725,-705.18512,1535.30774,72.99191,-520.68915,1428.29041,-145.03325,-835.672,1419.48804,-56.53173,-661.68066,1305.77966,-39.74313,-721.66095,1412.65601,-206.66385,-362.99237,1109.94873,-102.72704,-938.97479,1090.44238,-70.88499,-284.18185,945.38062,16.99735,-967.42401,844.62744,-2.99198,-592.24683,1011.21979,-15.98786,-723.94183,995.56409,20.93121,-709.82489,917.76691,-245.79811,-552.51752,421.18103,-196.03534,-823.00122,537.88867,4.80362,-564.52924,73.65597,-291.61734,-840.80743,199.12991,269.62738
313,3.12,-580.63751,1452.25696,118.60386,-650.50311,1669.31873,-95.16264,-520.26825,1560.62756,-53.4354,-703.50146,1534.70166,82.26811,-520.93005,1427.63672,-137.20609,-834.67615,1418.58508,-44.75223,-660.3429,1305.2439,-32.30593,-722.33191,1412.02319,-196.86472,-363.72766,1107.94104,-96.60639,-938.51239,1089.4895,-57.22505,-284.41626,943.33344,22.38952,-965.97687,843.51196,9.78893,-592.05731,1011.54132,-2.75508,-723.16583,993.89093,28.2652,-710.95782,916.41595,-233.89665,-555.62915,420.65585,-187.21739,-818.79333,538.93219,15.89491,-568.10767,75.75121,-290.75082,-832.4389,205.92476,284.53293
314,3.13,-577.01501,1450.43591,126.03746,-649.81531,1668.18188,-86.50208,-518.88586,1559.49939,-46.58389,-699.68958,1534.37524,92.52431,-520.7384,1426.60266,-128.53214,-833.84796,1418.11975,-33.19662,-659.30658,1305.0686,-20.35135,-722.78668,1411.29907,-186.43164,-363.82034,1107.08325,-91.28529,-937.79572,1088.99939,-44.38885,-284.689,940.98853,26.36506,-964.83044,842.33618,22.58493,-592.49915,1010.12512,5.02586,-722.7218,996.83136,42.99213,-712.30273,914.6394,-221.77255,-560.65088,420.0065,-178.06519,-815.39569,537.8985,27.47493,-571.59296,79.21638,-289.41806,-823.52325,212.05879,297.98987
315,3.14,-573.90698,1450.38062,133.35043,-649.56793,1668.09021,-77.71014,-517.53979,1558.04883,-38.20221,-695.70007,1532.56506,103.15456,-520.56226,1425.60852,-120.51709,-832.36646,1417.28296,-21.7116,-658.31079,1303.77612,-12.76475,-723.52551,1410.47217,-176.4109,-365.03671,1105.40527,-86.38831,-936.99261,1088.24963,-31.00921,-284.55621,938.6308,29.93274,-963.70178,842.28564,36.28365,-591.5813,1011.11493,17.90769,-721.06787,997.14795,53.9776,-714.12744,913.51422,-210.29895,-566.30298,419.05664,-167.12479,-812.96606,538.39514,38.27187,-574.52283,83.77824,-287.73993,-813.21143,216.80072,311.35864
316,3.15,-570.83051,1448.93274,141.16173,-646.92212,1666.46826,-68.34721,-516.16901,1557.03064,-30.89092,-693.22235,1532.11975,112.0013,-520.70416,1424.63208,-113.62401,-830.82117,1416.4884,-10.45404,-656.04736,1303.49585,-2.30762,-723.9198,1409.25537,-166.40613,-365.19116,1103.37158,-81.92084,-935.91541,1087.43848,-18.02236,-284.1564,935.0022,32.48914,-962.4292,842.28381,48.67759,-592.75464,1010.83881,27.86016,-721.96948,998.06708,64.18915,-715.96783,912.73962,-198.37317,-571.7876,418.51675,-155.90269,-809.67926,537.84039,50.7263,-580.5979,87.92175,-286.6702,-802.92804,222.01736,324.64407
317,3.16,-568.57172,1448.54468,149.20828,-645.39056,1666.06311,-59.02185,-514.50043,1557.44434,-28.98245,-691.43243,1531.50928,120.7936,-520.79388,1423.63916,-106.60895,-830.02563,1416.48889,0.82912,-654.36823,1303.18188,6.5227,-724.97107,1408.44226,-157.17429,-366.16232,1101.67969,-77.27625,-935.24091,1086.58533,-4.80316,-284.74594,932.38678,35.43165,-961.01727,841.68225,62.62268,-592.2218,1011.7276,38.0087,-720.24658,998.86566,77.81712,-717.86188,912.01178,-186.67065,-576.97046,417.7688,-143.57797,-807.95099,538.28625,62.0877,-583.81573,93.52391,-282.29532,-789.11108,225.254,337.40128
318,3.17,-565.5813,1447.20557,156.19841,-643.57581,1666.47058,-49.45367,-513.41321,1556.88525,-22.00635,-688.43262,1530.90417,129.88232,-520.03076,1423.1781,-99.47717,-828.36584,1416.45203,12.02397,-652.69269,1303.10474,15.53779,-725.39917,1407.70544,-147.2851,-368.12418,1099.51074,-73.34746,-933.91248,1086.37073,7.73216,-284.64432,928.7149,36.48588,-959.33673,841.26349,74.93495,-592.98169,1010.93298,46.75491,-719.96228,999.3407,89.65786,-720.05347,911.40442,-174.68933,-581.74677,418.22977,-131.66896,-805.98615,537.27618,73.31967,-587.76727,100.1925,-278.74002,-776.78082,227.2834,347.83099
319,3.18,-562.25623,1446.32092,163.84468,-641.44305,1667.69885,-39.98174,-511.31107,1557.32715,-14.07186,-686.38318,1531.18323,138.25882,-519.47498,1423.74829,-93.79521,-826.3335,1416.54504,22.9642,-650.52362,1304.12817,28.26572,-725.62256,1408.06567,-137.43211,-368.95163,1097.56946,-69.39981,-932.71881,1086.35291,19.93589,-286.0459,924.89001,39.17277,-956.61108,840.15186,88.34072,-591.86292,1011.9281,58.4391,-719.28534,999.18097,100.8259,-722.8667,911.87457,-163.0708,-586.38861,418.2854,-116.68467,-803.71039,536.69897,85.5125,-592.83618,105.371,-274.21988,-765.01465,227.5491,358.18784
320,3.19,-560.46375,1446.67334,171.85898,-638.88086,1669.80359,-29.6678,-509.40549,1557.0116,-0.69128,-683.45453,1531.61804,147.43475,-518.67023,1424.16187,-87.58979,-824.57538,1417.34106,34.81001,-649.16681,1305.53125,35.35888,-725.57434,1408.83081,-127.45493,-370.02817,1096.64417,-65.07309,-931.51624,1086.94141,33.39884,-286.72952,920.24152,40.53886,-956.07715,841.98279,100.77647,-590.98676,1011.30908,66.30821,-716.9873,998.50909,113.75958,-726.21918,913.22742,-152.33478,-589.88617,419.9834,-103.65394,-801.79248,536.10651,97.65662,-598.19958,111.79444,-268.41855,-752.08264,227.47073,366.56476
321,3.2,-556.89819,1445.91736,178.99486,-637.07458,1671.63977,-19.5587,-507.21899,1557.52197,7.8284,-679.77435,1533.00623,157.22572,-517.47797,1424.83911,-80.88612,-822.43604,1418.51074,45.69862,-646.65759,1307.76221,44.00699,-725.61896,1410.31592,-117.55872,-369.58997,1097.5658,-61.47762,-929.47131,1087.53394,46.85452,-288.20923,916.1701,40.00654,-953.60382,842.46356,114.27544,-589.12335,1011.75873,74.77309,-715.00958,999.72192,125.32739,-728.90784,914.29596,-140.80852,-593.4248,421.41452,-87.52343,-801.0144,536.7439,108.57362,-603.06555,118.21441,-260.90524,-739.53699,226.95804,374.66919
322,3.21,-553.59821,1445.23645,185.52715,-634.75018,1673.13281,-10.73955,-505.16983,1558.69983,14.04125,-674.78247,1533.76123,166.01901,-517.27759,1425.62305,-74.95944,-819.5246,1419.64465,57.21353,-642.97717,1310.05762,54.48822,-725.58569,1412.65222,-107.77181,-371.01025,1097.9679,-57.30906,-927.81458,1089.6748,59.15359,-289.79501,911.94202,39.10691,-950.60968,843.75183,127.03599,-587.2171,1012.78961,82.47485,-711.53986,999.823,136.34874,-731.61981,915.93134,-129.96764,-595.79022,423.34476,-71.33001,-799.55786,538.69995,120.47659,-607.95593,125.34999,-251.86836,-728.84393,224.57086,380.44873
323,3.22,-550.75403,1446.25024,193.85025,-634.50958,1674.51355,-2.66066,-503.12112,1560.06897,20.83978,-670.93451,1534.42834,175.97951,-515.51611,1426.95654,-68.39962,-815.94116,1421.28821,68.26896,-639.2002,1312.06042,66.54144,-724.63794,1414.06409,-98.1284,-372.79459,1097.15039,-55.42109,-925.41858,1091.81519,71.948,-291.63513,907.79083,37.85753,-947.97144,846.96979,140.09821,-584.89929,1013.96655,89.16831,-709.45172,1001.92004,143.70351,-734.08643,917.67047,-119.33188,-597.52942,426.59158,-53.76903,-800.19073,542.93219,132.41554,-612.99255,133.78522,-239.99088,-717.33801,223.03929,383.68033
324,3.23,-548.01794,1447.54382,201.44543,NA,NA,NA,-500.53485,1561.43042,26.76182,-668.30743,1535.06226,184.09918,-514.26111,1428.1333,-62.03857,-812.58221,1423.47876,79.19319,-636.28387,1313.27222,75.43655,-723.79657,1415.71606,-87.8403,-374.14066,1096.98328,-51.49288,-923.42682,1094.49524,85.31594,-293.99319,902.92493,36.08657,-945.02954,849.60016,154.84444,-580.67706,1016.34839,97.64444,-705.54346,1004.5235,153.00957,-736.81836,919.83606,-108.95835,-595.68073,432.63327,-36.11415,-801.1217,546.82422,143.86018,-615.90771,142.65309,-226.96959,-706.23224,220.64206,388.06812
325,3.24,-544.53632,1447.61316,201.69897,NA,NA,NA,-498.13541,1563.17993,32.0951,-665.26709,1535.81409,192.09306,-513.37677,1429.94531,-56.86953,-808.76849,1425.97913,90.0822,-633.00488,1313.70288,81.51559,-723.01556,1417.36572,-78.59363,-376.55646,1096.59644,-47.59558,-920.69702,1097.59119,97.80245,-295.90704,898.4071,33.53904,-940.06189,851.53198,169.13863,-578.44659,1018.58118,103.04906,-700.90601,1008.21423,162.65224,-739.15363,921.81543,-98.55322,-593.79272,440.35199,-18.87805,-802.37085,550.60443,156.13219,-620.30743,147.91617,-211.89557,-696.08545,216.94299,389.98941
326,3.25,-539.65784,1449.67993,215.96243,NA,NA,NA,-495.19763,1564.79102,39.98008,-661.08801,1536.62561,200.10335,-512.39893,1431.47583,-51.37096,-804.36432,1428.52283,100.81367,-628.92169,1315.94702,88.50196,-722.13763,1419.41663,-69.6944,-376.79797,1097.35339,-43.79694,-917.73358,1100.54871,111.38144,-299.69437,894.38715,31.121,-936.48163,855.0437,185.4305,-575.04102,1020.63422,107.18571,-694.62427,1012.06732,172.56419,-741.81525,923.60498,-88.07192,-590.53186,448.28229,-1.18493,-803.72778,553.4834,169.46683,-618.25696,156.33669,-196.93466,-685.87274,212.75305,392.27658
327,3.26,-536.1192,1451.18713,223.93192,-621.32153,1681.8103,33.21147,-491.97763,1566.70105,47.32936,-656.80859,1537.90759,208.70035,-511.18326,1432.33118,-45.57774,-800.26025,1431.32092,111.71449,-625.37274,1318.33362,95.68447,-721.14398,1421.48193,-60.40221,-378.37619,1098.0741,-40.43351,-914.55804,1104.06958,123.81564,-301.96951,889.47491,29.24658,-932.81952,858.43134,197.75812,-570.56958,1022.83862,113.71445,-689.17719,1016.19189,180.63937,-743.53082,925.68274,-77.77714,-585.71448,455.18848,19.8984,-805.98486,555.67047,182.08725,-610.81738,165.09793,-179.88708,-676.43646,207.54865,392.74832
328,3.27,-532.14905,1452.69836,231.49503,-618.8158,1683.71765,41.13904,-488.00024,1568.35242,55.29001,-653.01172,1540.43787,217.13707,-509.12189,1434.9541,-40.77433,-795.33368,1434.09607,122.45165,-621.87268,1319.9541,103.39546,-720.33472,1423.76282,-51.27749,-378.90405,1098.35742,-36.51921,-911.47827,1106.78027,137.53653,-308.47552,885.06189,22.9038,-929.96063,862.50018,213.50487,-566.80524,1025.49182,118.57726,-683.31061,1018.95819,188.22223,-745.29388,927.96277,-68.10314,-579.38922,463.10278,39.54704,-805.69989,557.82831,197.5761,NA,NA,NA,-668.22516,202.90056,393.49005
329,3.28,-528.21051,1452.9342,229.7905,-614.94708,1686.40405,48.80589,-484.6846,1570.15955,66.15158,-648.20319,1541.91223,224.92169,-507.38165,1436.59021,-35.9238,-790.34998,1436.75696,132.54674,-617.26184,1323.17261,110.58424,-719.17108,1426.73511,-41.83876,-379.95541,1099.93188,-33.87278,-908.46869,1111.27783,150.32292,-312.40735,879.98608,19.8932,-925.9079,866.45276,226.00447,-562.43628,1028.35205,125.08601,-676.64978,1021.60529,195.14848,-746.51312,930.16168,-57.56031,-572.9967,471.66422,58.47361,-807.87256,560.52832,210.89615,NA,NA,NA,-661.42596,197.5587,394.01981
330,3.29,-524.16229,1454.34448,237.18491,-611.69879,1688.98035,56.67914,-481.49799,1572.86938,69.61648,-644.01849,1543.61475,232.76285,-506.70364,1438.47009,-32.7799,-785.09381,1439.40308,143.62743,-612.18683,1324.2699,116.79479,-717.91107,1429.02759,-32.63187,-380.23196,1100.58606,-31.34271,-905.24567,1115.12708,164.0179,-317.35843,876.71643,15.34458,-920.87201,869.28314,242.22229,-558.70074,1030.28821,129.62491,-671.05829,1024.32031,203.20863,-747.54279,932.7359,-48.12434,-563.78052,479.0477,74.32789,-810.76141,562.35767,224.83618,-544.79559,282.95609,66.34386,-656.54449,192.55495,393.28757
331,3.3,-519.53601,1455.8717,243.35542,-608.53687,1690.39258,63.89555,-477.39069,1574.3634,75.66631,-639.55573,1545.06274,239.98651,-504.95871,1439.60461,-27.68076,-779.33551,1442.16309,154.77649,-607.90332,1326.72632,124.70376,-716.2887,1430.9718,-22.6661,-381.10278,1101.56909,-29.34606,-900.01654,1117.94531,177.91447,-322.89389,872.8161,12.29624,-915.97607,873.16199,256.28452,-555.26288,1032.86938,135.2021,-665.65295,1026.98242,211.13251,-747.61621,934.76648,-38.38668,-552.90088,485.95386,89.08124,-811.49823,564.01343,237.86957,-541.29883,279.22168,67.38016,-652.96954,187.36646,392.21823
332,3.31,-514.65936,1456.70581,249.24631,-602.62634,1692.1427,72.71097,-473.31491,1576.052,83.58933,-634.88062,1545.82874,247.29045,-503.56763,1440.63013,-22.92844,-774.43774,1444.84741,164.85521,-603.60248,1328.38147,130.8593,-715.0578,1433.34265,-13.70758,-382.20569,1101.88306,-28.21472,-896.04889,1121.34741,191.74904,-327.7738,869.98553,7.53958,-911.15979,876.70197,269.83685,-550.2757,1034.89893,140.32976,-660.17914,1028.60034,218.88892,-747.87427,937.12018,-29.74108,-541.98212,491.47269,104.59286,-812.73151,565.40381,251.02106,NA,NA,NA,-649.94165,182.35051,391.11249
333,3.32,-509.72403,1459.71863,265.94809,-598.63721,1693.14294,80.72622,-469.2384,1577.68835,89.34383,-630.49109,1547.68115,254.48941,-502.25143,1441.42822,-19.2708,-768.33838,1447.08142,175.72632,-598.80841,1330.65454,139.40273,-713.45428,1435.203,-3.97661,-383.61325,1101.34961,-27.16267,-891.74792,1124.53906,204.7011,-333.51141,865.67242,3.98797,-906.2113,879.53235,284.60645,-547.39197,1037.15601,146.27704,-654.39551,1029.95471,226.39186,-747.55243,939.85303,-20.78596,-530.3551,497.49084,118.15983,-814.14868,566.36426,264.43668,-537.84943,271.3313,65.40617,-647.1156,178.23723,388.77832
334,3.33,-505.06158,1459.27722,262.63052,NA,NA,NA,-465.29767,1578.61035,96.63484,-625.38843,1548.3584,261.53857,-501.20297,1442.29309,-14.53767,-762.6145,1449.57043,186.81416,-594.79822,1332.77002,146.92453,-711.883,1436.58801,5.7504,-385.52197,1100.03088,-26.7722,-887.58716,1127.81506,218.74339,-339.07895,862.38922,0.4132,-900.89063,882.96576,297.38284,-542.9726,1039.63843,152.09248,-649.4057,1030.38086,235.0079,-747.21405,942.07227,-12.68809,-518.22388,504.01276,133.58902,-814.22156,567.22974,278.94296,-536.01581,266.77783,64.72913,-645.28986,174.05907,386.134
335,3.34,-500.59558,1460.3584,270.49194,-591.96906,1696.59595,93.61995,-461.06979,1579.7948,102.118,-620.31061,1550.26929,268.69986,-499.43475,1442.64355,-9.89197,-756.43347,1451.31152,197.54794,-589.80286,1333.14636,152.93346,-710.1217,1438.66455,15.38618,-387.33664,1099.05066,-27.05065,-882.71844,1130.64319,231.87547,-345.41971,859.43146,-2.61472,-894.74493,885.2309,310.6507,-538.84375,1041.58008,158.70978,-644.70667,1031.13428,242.67883,-745.51501,943.26648,-3.36447,-505.37927,510.50705,147.70096,-811.82904,566.74982,292.03375,-557.4679,211.38339,-32.78046,-644.40424,171.24744,382.92838
336,3.35,-495.46234,1461.28198,276.45883,NA,NA,NA,-456.99484,1580.91931,108.40186,-615.22577,1551.2489,276.0582,-498.12244,1443.05969,-5.76178,-750.12976,1453.19971,208.32693,-585.59784,1334.88672,160.5264,-708.4101,1439.92761,25.01326,-389.48047,1097.59863,-27.32488,-878.21252,1133.41296,245.55229,-351.26205,857.06152,-7.33727,-889.71027,888.72534,324.83826,-536.06696,1042.32141,164.71509,-639.50024,1031.23145,250.2536,-743.99255,945.24957,4.55256,-493.15128,516.61884,161.02986,-808.62225,568.46735,305.05304,-549.77826,215.36902,-16.26812,-643.51959,168.64766,379.25674
337,3.36,-489.14316,1462.974,292.06799,-582.14301,1698.39587,107.99689,-452.49185,1581.75378,115.10506,-609.50702,1551.56055,282.9122,-497.76169,1443.00244,-0.81113,-744.00745,1454.37878,218.91325,-579.74542,1334.68201,166.62607,-706.6087,1440.90332,35.05421,-391.9678,1096.10168,-29.40703,-872.33679,1135.27271,260.23917,-357.20496,854.2019,-10.83457,-883.37817,890.88196,338.56085,-533.01123,1043.43152,170.70947,-634.00616,1031.04407,257.42319,-742.07605,947.15631,12.32542,-480.69714,522.11023,176.14038,-804.35077,571.04303,317.7648,-543.09076,219.17786,3.09063,-642.94403,166.74319,376.4783
338,3.37,-484.45737,1462.19617,287.90677,-578.77942,1698.88342,114.42683,-448.37946,1581.46887,121.59599,-603.78326,1552.46704,290.13678,-496.68439,1442.82483,3.16562,-737.54718,1455.70923,229.22737,-575.29401,1335.86096,174.1201,-704.30823,1441.72046,44.8599,-394.87671,1094.29077,-29.62364,-867.36121,1137.63342,274.22104,-363.8974,850.91559,-12.8709,-877.31665,892.62415,352.1405,-528.65735,1043.95093,176.31407,-629.44702,1031.23438,265.2756,-740.44812,948.1405,20.29525,-468.00064,527.95093,185.62128,-799.52411,573.48767,330.28711,-534.60065,222.82352,21.44102,-643.77112,164.15541,372.35181
339,3.38,-478.0575,1464.31738,305.40942,-573.42853,1698.89441,121.4662,-443.86029,1581.30396,127.28918,-598.76428,1553.20264,297.57114,-495.00491,1442.46887,8.95403,-731.0321,1456.56567,239.73201,-570.16486,1335.75427,181.27531,-701.97076,1442.53687,54.48122,-398.25031,1092.14526,-30.34441,-861.96783,1139.62024,288.29791,-370.61597,849.28516,-19.17507,-870.3642,895.07489,365.91135,-525.36053,1043.45337,181.08548,-625.96704,1030.5592,270.20511,-738.33319,948.96802,28.15163,-454.77347,532.74866,196.75179,-794.53741,576.76508,342.55481,-526.14063,224.916,38.35271,-643.20801,162.565,369.32687
340,3.39,-472.98297,1463.54114,302.45294,-569.81769,1699.45886,128.43616,-439.59738,1581.0498,133.04237,-592.98761,1553.91492,305.15359,-493.82376,1442.19763,13.53198,-724.26721,1457.48608,250.20236,-567.57635,1334.40308,183.43236,-699.84589,1443.50769,63.89709,-401.94727,1090.72778,-31.00055,-855.74701,1141.22595,301.85043,-377.95694,847.52899,-23.86668,-863.91852,896.78784,380.05524,-520.97052,1043.56177,187.92868,-620.06287,1030.82019,279.85107,-735.89355,949.09467,36.61244,-442.08887,537.08929,208.0374,-788.2038,578.02686,352.47974,-517.74866,226.00905,54.242,-642.34448,160.75409,367.14481
341,3.4,-466.94431,1463.75562,310.07611,-562.57373,1697.49683,136.93428,-434.99106,1581.32947,138.7092,-586.61243,1554.27808,312.50998,-492.51846,1441.70178,19.2173,-717.57147,1458.29651,260.50394,-562.91699,1333.1886,189.95998,-697.08008,1444.10938,74.12214,-406.1091,1089.01587,-31.81593,-849.94135,1142.45422,315.78592,-384.25836,846.09863,-31.40627,-856.52686,898.45868,393.53909,-516.84369,1043.06128,192.98904,-614.53119,1030.47217,286.29108,-733.39862,949.27893,44.86488,-430.26318,540.35059,218.383,-780.86731,578.38837,360.84943,-506.79755,227.46321,70.98469,-643.88123,158.61559,363.4259
342,3.41,-461.33173,1463.31738,316.70197,-559.05438,1697.87476,143.76904,-430.189,1580.58215,145.04564,-580.41632,1554.23315,319.70654,-490.69144,1440.90686,23.91415,-710.83881,1458.49805,270.47037,-558.79041,1332.51624,195.87007,-694.79315,1444.40967,83.06607,-410.04031,1086.7594,-31.87989,-843.47705,1143.92603,329.49713,-391.75793,842.03668,-27.53024,-848.9967,899.27545,406.55032,-512.44904,1042.80823,197.98708,-608.92944,1029.60962,293.49887,-730.73773,948.52716,52.87947,-418.76019,542.95844,227.10493,-774.40356,577.85504,368.57132,-494.78058,228.82433,87.33581,-644.25372,156.10617,361.93829
343,3.42,-455.91364,1462.32458,321.29001,-554.3631,1697.15601,150.54916,-425.58215,1579.198,151.58722,-574.08783,1553.65393,326.92233,-489.29453,1440.09961,28.98968,-703.93622,1458.43225,280.25452,-554.12213,1331.87451,202.11789,-691.67249,1444.1593,92.74972,-414.15268,1085.21362,-31.89765,-837.61438,1145.34729,343.97656,-398.50494,841.03644,-32.30197,-842.02222,899.87445,420.54727,-507.80981,1042.22327,204.17033,-604.60608,1028.62891,296.97174,-728.97552,948.94666,58.53431,-407.98386,543.59686,234.95294,-768.80078,576.07074,374.96121,-481.336,227.27901,102.62724,-645.62305,152.51704,358.91272
344,3.43,-449.72488,1461.43579,327.66882,-549.07867,1696.30042,157.16916,-420.85529,1578.34705,157.2695,-568.16931,1553.29163,334.04572,-487.02042,1439.28467,34.54021,-697.16248,1458.88794,290.66541,-551.2749,1330.94617,206.67166,-688.82098,1444.46997,102.632,-418.01276,1084.21948,-31.44734,-830.29517,1145.39392,357.13229,-405.08127,839.7027,-35.03979,-834.55695,900.88007,434.42563,-505.08246,1041.15515,209.01537,-599.64929,1027.03406,302.88181,-724.85504,947.53833,69.12492,-396.88394,542.54346,241.23317,-764.00244,573.62866,380.91119,-466.74057,224.41939,115.25655,-647.05756,149.88855,356.56812
345,3.44,-442.99271,1460.95557,334.98331,-544.42853,1695.20068,163.92471,-415.60037,1576.54431,163.41153,-561.91113,1552.51917,341.3089,-484.77655,1438.18347,40.22083,-689.63062,1456.40991,298.84546,-545.22296,1330.09546,214.10062,-685.15729,1443.49695,112.34167,-422.22787,1082.3811,-31.54864,-823.39844,1145.42102,370.89163,-412.05954,837.98547,-37.23679,-826.82581,901.44348,447.685,-500.22723,1040.65161,215.09018,-593.57446,1026.74646,311.19568,-721.26245,946.72998,76.50681,-386.64874,541.16443,247.65857,-759.68353,570.33655,386.59222,-450.72546,221.68298,129.49509,-648.32782,147.2672,354.26321
346,3.45,-436.56204,1460.29456,341.47296,-538.99762,1694.06311,170.72769,-411.28265,1575.17493,168.59811,-554.17291,1551.6792,348.49493,-482.14993,1437.13037,46.51986,-683.18494,1455.58215,308.43954,-539.89111,1328.85669,221.7851,-681.86566,1443.58411,121.43276,-425.58606,1080.96204,-30.04495,-816.08636,1145.55872,383.49911,-419.1124,837.57996,-41.2172,-818.50537,900.60596,460.59763,-495.15906,1040.13306,220.94174,-587.4306,1024.93872,317.47455,-717.54608,945.4422,84.16247,-375.77451,540.12634,252.67929,-755.54193,566.81769,390.26071,-435.61578,218.34392,143.19264,-649.91919,142.25322,351.66226
347,3.46,-430.37457,1459.11353,346.34332,-533.64661,1692.78857,178.00105,-406.3158,1573.5481,175.35788,-548.19763,1551.15479,356.26935,-479.85809,1436.01807,52.15883,-675.82434,1454.58862,317.29227,-534.04767,1327.47424,227.83167,-678.35443,1442.98254,130.03105,-429.54742,1079.74316,-28.83215,-809.03552,1145.65747,396.84766,-425.76685,835.9942,-43.02821,-810.76495,900.84247,474.95035,-490.56836,1039.67883,226.11664,-581.5061,1023.66681,323.43707,-713.66406,944.72058,91.39442,-364.86734,538.14642,258.75812,-751.52875,562.34021,394.15585,-419.36102,212.90512,156.83975,-650.86157,139.30455,349.07938
348,3.47,-423.93307,1457.05774,352.30084,-527.4422,1691.24207,184.42583,-400.98239,1571.87952,181.35759,-541.16742,1550.65808,363.76187,-476.72095,1434.84656,58.59021,-668.68042,1453.50745,325.96133,-528.30963,1325.7699,234.17155,-673.9646,1442.60974,139.67746,-432.65433,1078.54492,-27.18228,-801.63599,1144.88586,409.46036,-432.36258,835.79547,-45.7972,-802.20551,900.23712,488.27692,-486.50943,1037.81348,231.68639,-575.57019,1021.59784,330.20667,-709.93451,943.75244,99.52926,-353.87112,535.93329,265.00952,-748.6416,559.35413,397.27148,-403.97467,207.57133,172.27052,-652.67889,133.85002,347.1972
349,3.48,-416.47665,1455.93433,359.66306,-520.56232,1689.04419,191.42776,-395.69876,1570.21387,187.09741,-534.40393,1549.73755,371.30246,-473.44882,1433.87341,64.46878,-662.104,1451.56555,334.92557,-522.88428,1324.1676,241.85478,-669.39117,1441.35938,148.69373,-435.78143,1077.5177,-24.54369,-793.74579,1144.1012,421.39807,-438.09641,834.75854,-48.04686,-793.73846,899.94196,500.75336,-480.60602,1037.72058,237.69356,-569.54895,1020.11371,336.87714,-705.82111,943.45032,106.2177,-343.51083,533.33258,270.77783,-744.45807,555.09357,399.21924,-386.1813,202.14392,185.87378,-654.1189,130.92465,345.67969
350,3.49,-410.15005,1454.375,365.96198,-515.50635,1688.52295,198.34248,-389.90271,1567.64099,193.97012,-527.00195,1548.40149,378.19089,-469.93234,1432.19397,70.86292,-655.67108,1450.31641,343.77487,-517.12,1322.68005,249.18893,-664.96735,1440.57495,156.84784,-438.00058,1076.49866,-22.71727,-785.9223,1143.40222,433.85062,-443.96777,833.43268,-41.84646,-785.08521,898.89319,514.41443,-474.80707,1036.91785,243.51045,-562.83716,1018.07935,341.86948,-701.64429,942.36115,115.36472,-332.78513,530.04883,276.65479,-742.08179,552.73657,401.03802,-368.53146,195.73769,200.42998,-656.19159,126.12572,343.40036
351,3.5,-403.48328,1453.80334,371.14664,-510.08777,1687.4176,205.50089,-384.4071,1566.60852,198.77509,-520.06274,1547.83716,385.73135,-465.94562,1431.29468,76.36913,-647.62653,1448.66077,352.17911,-512.08081,1321.4176,255.89674,-660.40082,1440.04773,165.99683,-441.0654,1075.71912,-19.92508,-777.87158,1142.33142,445.02872,-449.21368,834.0271,-44.01917,-776.50513,898.54236,526.96918,-470.17166,1036.2478,248.20911,-556.69519,1016.99274,349.7767,-697.3302,941.56653,122.37141,-322.60449,526.35022,281.99689,-738.47266,549.77203,402.64624,-350.08002,189.125,216.30434,-658.52728,122.60195,343.04077
352,3.51,-396.16275,1451.77612,381.08148,-503.59766,1685.7937,212.49599,-378.49652,1563.75378,205.998,-512.30981,1546.64734,393.35507,-461.82159,1429.88171,83.12783,-640.85028,1447.05627,360.60315,-506.03259,1319.36316,262.68359,-655.13696,1438.69653,174.48734,-442.43799,1074.64685,-16.37229,-769.88147,1140.86108,457.12296,-454.72424,832.8222,-43.58328,-766.7854,897.14508,538.94763,-463.82166,1034.42676,254.58089,-549.85095,1015.22925,355.09406,-445.29471,723.13574,40.93808,-313.0726,522.77252,286.7103,-735.29919,546.71918,403.80188,-332.83145,181.45023,233.21904,-660.75641,118.82136,341.65695
353,3.52,-389.87729,1450.71277,386.82825,-496.28708,1683.43909,219.30841,-372.85587,1562.40613,211.64539,-505.20526,1545.81018,400.32352,-457.60901,1428.57092,89.75955,-634.12518,1445.28333,369.04785,-500.26068,1317.9729,268.90143,-650.74738,1438.21838,183.27118,-444.27338,1073.89539,-11.30483,-761.12091,1138.80298,467.99503,-460.80673,832.94867,-45.00578,-757.81329,896.53839,551.99213,-458.7438,1033.80225,260.259,-542.42285,1014.80707,362.98297,-687.46796,939.99719,137.53658,-303.56705,519.30615,290.15323,-731.9469,544.02917,404.47421,-314.07709,174.99084,249.14787,-662.51233,114.35024,341.01581
354,3.53,-382.36859,1449.17822,392.43558,-490.26105,1682.44336,226.1214,-366.68198,1560.16724,218.09219,-497.76743,1544.79163,407.74185,-453.08368,1427.03589,96.58972,-626.67212,1443.12036,377.24866,-494.43182,1316.97961,275.34753,-645.49384,1437.01099,191.22765,-445.39795,1073.30701,-6.80102,-752.14172,1137.01636,478.01196,-465.19794,831.09845,-42.24103,-747.90491,895.20905,563.95734,-451.69583,1033.19568,266.81058,-535.65387,1013.59906,369.52216,-682.0636,938.90851,145.43373,-294.13654,515.94684,292.55066,-728.6875,541.57214,405.05969,-293.44464,169.03653,266.50943,-665.48419,110.7823,339.72327
355,3.54,-374.78653,1448.20886,399.85855,-483.55679,1681.22217,232.74739,-360.78,1558.26965,224.65317,-490.26907,1543.59302,414.97119,-448.50888,1425.63403,103.55485,-619.38574,1441.33826,385.70837,-488.48599,1314.34314,282.4736,-639.68121,1435.49255,200.46082,-446.06494,1072.28174,-2.37482,-743.39294,1135.4646,487.69415,-467.97653,831.42676,-38.67284,-737.99713,893.78668,576.16669,-445.7019,1032.10559,272.35095,-527.64258,1012.0401,376.60782,-676.2738,937.47412,153.45447,-285.71753,513.29169,294.67889,-725.15417,538.93353,404.8866,-272.78827,162.25273,283.39209,-668.3252,107.16144,340.36237
356,3.55,-368.63605,1445.40063,405.58636,-476.90652,1679.1969,239.34903,-355.72128,1556.48706,230.71925,-482.62265,1542.71387,422.15573,-443.40048,1424.28455,110.56952,-612.67999,1439.37988,394.21338,-482.44962,1313.14917,289.5752,-634.09827,1434.48157,208.56886,-446.57483,1071.88269,2.35335,-734.77234,1133.52966,497.83533,-473.12695,833.54846,-37.64439,-727.64545,893.11713,587.1709,-439.33142,1031.00427,278.61667,-519.55951,1010.80774,383.34949,-670.31781,936.32727,160.88287,-277.75131,511.25156,294.32922,-721.25934,536.2337,405.34705,-251.31282,157.05391,299.85687,-671.16364,103.30192,340.83664
357,3.56,-360.71252,1445.21265,413.50751,-470.90372,1678.11389,246.59761,-349.49796,1554.68677,236.26735,-475.3324,1541.57336,429.62003,-438.41656,1422.87402,117.72404,-605.81177,1436.84766,402.41818,-475.28149,1311.35071,296.21826,-628.16534,1432.86169,216.91211,-446.93372,1071.24487,8.11566,-725.33344,1131.31189,507.31491,-476.71753,833.34241,-34.59879,-717.66443,892.15582,599.22626,-432.54727,1029.34644,283.12811,-513.17853,1008.64886,389.10751,-664.19067,934.77295,168.19722,-272.27179,510.51852,296.54932,-717.19,533.46735,405.45163,-229.51015,153.20467,315.60349,-674.1076,100.05924,340.96829
358,3.57,-353.64447,1442.98206,417.7218,-463.92065,1675.88025,253.12288,-341.31281,1552.24097,243.50031,-467.19205,1540.42712,436.51529,-432.3989,1421.22913,124.90741,-598.17822,1435.72717,410.66956,-468.76083,1309.90662,303.19772,-621.75452,1431.11658,225.31226,-445.82855,1070.52014,13.16473,-715.93469,1129.04211,516.00214,-479.38354,834.74561,-32.00786,-707.03088,890.7608,610.21747,-424.93839,1028.00159,289.29813,-501.80658,1008.31293,397.77664,-657.74396,932.94763,175.71474,-266.48721,508.14645,299.68909,-713.0802,531.49213,405.39905,-207.396,150.07799,331.93304,-677.41888,96.92435,342.39636
359,3.58,-345.63211,1442.81848,427.41818,-456.47681,1673.64453,260.04996,-334.67514,1550.21619,250.43546,-459.8121,1539.44812,443.99384,-426.9021,1419.60046,131.72318,-590.43262,1433.49304,418.55548,-460.8945,1308.50085,310.73639,-615.10272,1429.04028,233.44974,-446.52609,1070.59204,17.99458,-707.03009,1126.6947,524.35742,-481.98166,835.49542,-30.26318,-696.40289,889.65735,621.3714,-417.35291,1026.10901,295.2612,-494.98636,1005.72925,403.0278,-650.99384,930.65558,183.32399,-261.50287,505.11496,303.87537,-708.64215,529.56714,405.14514,-184.77719,150.55243,347.48428,-680.3252,95.62321,343.01529
360,3.59,-338.48877,1440.42651,432.99759,-451.228,1672.89319,266.70969,-328.41379,1548.31592,256.60287,-451.6134,1538.11829,450.77612,-420.87756,1418.06836,138.73531,-582.82507,1431.52991,426.84329,-453.65002,1306.69043,317.20245,-608.48499,1427.36377,241.77179,-445.52493,1069.96606,24.22371,-697.44098,1124.0011,533.21277,-484.68912,836.5603,-28.82847,-686.33099,888.46515,631.64948,-409.5625,1024.31885,301.28973,-484.74933,1004.47144,410.33502,-644.09698,928.97906,190.87442,-256.90375,500.79288,308.70453,-703.8349,528.10089,403.93646,-161.12988,155.22324,360.50986,-682.66992,94.65206,346.42297
361,3.6,-329.57745,1439.93555,439.0423,-444.23163,1671.03247,273.09763,-323.21582,1547.10083,262.53723,-444.38916,1537.22412,458.31754,-414.58203,1416.59924,145.85446,-574.66895,1428.9375,434.68262,-446.55228,1304.75098,323.58545,-601.42468,1425.1803,249.96849,-444.21439,1068.97913,30.11281,-688.10266,1121.77722,541.61206,-485.44955,835.0235,-23.32786,-675.47595,886.88696,641.81586,-400.80115,1023.40674,306.24792,-477.80521,1000.9613,416.03247,-636.93604,927.10986,198.15851,-251.44394,496.51083,314.37402,-698.91101,526.70667,404.44342,-140.35397,160.40096,374.18356,-684.71869,92.00972,346.05728
362,3.61,-322.51791,1439.36609,445.01575,-438.07916,1669.3927,280.2287,-316.41959,1545.34998,269.1217,-435.83392,1535.28943,465.17868,-407.85443,1414.7251,152.79854,-566.49121,1426.68787,442.65881,-439.08267,1302.88464,331.52368,-594.42084,1422.86902,258.23483,-442.35782,1068.67834,35.66676,-678.6543,1119.245,550.32574,-486.64407,836.77448,-20.03858,-664.54279,885.60052,651.24866,-394.2963,1020.7514,312.4295,-468.36426,998.33484,422.52252,-629.73273,925.13397,205.41248,-245.96355,493.09592,320.8197,-693.2149,525.23236,404.25681,-121.14458,167.46849,385.94165,-686.01093,90.25806,346.93295
363,3.62,-312.965,1437.27893,453.37311,-431.01587,1667.28552,286.28033,-309.3645,1544.27026,274.88449,-428.2977,1534.77258,472.40869,-401.32141,1413.0675,159.86557,-558.17902,1423.47083,450.58115,-431.23566,1300.61658,338.10165,-587.40149,1420.76318,266.61017,-439.47821,1068.24231,41.49266,-668.89862,1116.45874,558.48779,-486.96005,836.27789,-15.96829,-654.43878,883.73981,661.24072,-385.34018,1018.38367,319.32516,-459.68121,995.38019,428.88589,-622.26129,923.32544,212.48587,-243.05734,489.46716,327.93515,-687.6236,524.20599,405.08856,-102.61107,174.88039,398.97238,-689.00098,86.62529,340.20676
364,3.63,-305.81754,1436.53894,459.94574,-423.97272,1664.95569,293.29202,-300.51752,1541.72253,282.54568,-420.77264,1533.10303,479.06543,-394.49988,1411.33826,167.0462,-549.98883,1421.73877,459.02255,-423.80463,1298.1499,345.68997,-580.30066,1418.4967,275.06226,-435.79221,1068.00488,45.80996,-659.68042,1113.86548,567.0705,-486.60645,837.55933,-12.64283,-643.21442,881.55005,670.0658,-377.47964,1015.71564,324.92026,-450.71811,992.73242,434.64001,-614.54138,921.61615,219.62523,-238.12862,486.7327,333.45282,-682.19781,523.565,406.82916,-87.0998,182.16798,410.56824,-690.16559,86.64178,341.77777
365,3.64,-296.91861,1435.91113,466.15912,-417.58255,1663.24438,299.88647,-294.98236,1541.38611,287.81924,-412.66721,1532.2373,486.32629,-387.95813,1409.56421,173.83662,-541.1524,1419.13599,466.44089,-415.63995,1296.2312,351.10959,-572.55505,1416.47632,282.91373,-431.64218,1067.37268,50.26117,-649.55603,1110.78369,575.37305,-485.36606,837.43958,-8.44047,-632.34546,879.81458,678.72638,-367.93539,1014.05139,330.53018,-440.87637,990.13824,441.91794,-606.73773,919.70721,226.79428,-233.46622,485.00089,339.5856,-676.64001,522.29059,409.26807,-73.57682,188.21275,418.93192,-691.07697,85.98003,342.21146
366,3.65,-288.39026,1435.52063,474.7153,-410.87659,1661.31555,306.79828,-287.58585,1539.61633,295.30325,-404.68625,1530.79236,493.37411,-381.01584,1407.93506,180.94458,-532.71082,1416.2915,474.44397,-406.49323,1294.58398,358.52789,-564.87201,1414.38599,291.00488,-427.23257,1066.22864,55.94729,-640.40649,1108.54431,583.11548,-484.59381,838.35974,-6.75237,-621.61792,877.08032,687.1958,-359.32852,1011.20691,336.92331,-432.16824,987.77814,448.09854,-598.45496,917.66425,233.38147,-228.46062,482.46246,345.44336,-667.70416,520.99036,410.82068,-61.38671,193.65974,427.16269,-691.55957,84.7897,342.99359
367,3.66,-279.77606,1435.58606,479.63275,-403.42252,1659.81274,313.16022,-279.92532,1538.42517,301.63275,-395.76236,1529.18213,500.1329,-373.51108,1406.65027,187.42757,-523.24414,1414.58862,482.431,-397.88043,1293.02942,365.02856,-556.78687,1412.13965,298.61069,-421.86166,1065.90088,60.57006,-629.87024,1105.62646,591.22406,-481.17627,838.64484,-0.24963,-610.91425,874.72601,695.30676,-350.40442,1009.45941,343.37384,-423.08716,984.45557,454.28745,-589.63983,916.00409,240.0854,-222.74869,479.92126,351.31067,-660.427,520.00635,413.84106,-50.62291,197.46201,435.67282,-692.73285,85.16465,346.84949
368,3.67,-271.13666,1433.51501,487.21936,-397.05673,1658.26465,320.57883,-272.01526,1537.94336,308.02249,-388.1185,1528.33252,507.42639,-365.89832,1404.90271,194.17285,-514.62946,1411.46826,489.97888,-388.70178,1291.32532,371.70975,-548.7301,1410.26892,306.86615,-416.4895,1064.98511,65.98444,-620.13428,1102.75659,599.28748,-477.98209,837.9068,5.23199,-600.6897,872.46533,703.02301,-341.28333,1007.14197,350.03189,-413.29984,983.03503,460.95688,-580.31049,914.16095,246.50948,-215.86504,478.27573,356.65613,-652.67963,517.82025,417.42453,-39.56833,199.90132,443.33786,-692.58997,83.99053,346.32834
369,3.68,-262.38437,1434.1864,498.36084,-388.63605,1656.56628,326.84842,-264.07748,1536.60461,315.27744,-379.4437,1527.07153,514.61346,-358.52985,1403.5741,201.2209,-505.07697,1410.28247,497.44647,-379.8631,1289.93787,379.4707,-540.40063,1408.7594,314.78949,-410.1705,1064.43555,70.59776,-609.90222,1100.15247,606.49158,-475.51889,838.58575,8.28267,-589.71497,869.71851,709.92029,-331.69165,1005.75586,356.6076,-403.45786,980.38,466.47449,-571.17902,912.84607,253.57976,-208.21863,476.90829,362.23196,-645.05432,516.59949,421.54977,-29.21381,201.2094,451.09479,-692.49908,83.81991,346.75229
370,3.69,-253.32169,1432.67798,500.19846,-381.45242,1655.61548,334.0256,-255.7908,1536.17554,322.47165,-371.22952,1526.49316,521.41217,-350.71765,1402.63391,207.92229,-496.49484,1407.86694,505.26273,-370.55524,1288.27722,387.1084,-531.78186,1406.75256,322.46301,-404.0087,1063.88647,76.67199,-600.07007,1097.89648,613.35223,-470.25638,838.98389,12.92247,-579.22919,866.88287,717.09912,-321.08673,1004.09515,363.47241,-393.73383,978.8075,474.76312,-561.56714,911.22913,260.60779,-200.40416,475.75323,369.05945,-636.94666,514.72955,426.40598,-18.1498,201.61678,458.61908,-692.23285,83.40778,349.3876
371,3.7,-245.34052,1432.58826,509.06918,-373.6004,1654.6073,340.72501,-247.53069,1535.04932,329.21411,-362.53162,1525.6853,528.29498,-342.08908,1401.40491,214.57527,-486.96149,1406.91431,513.27063,-361.13745,1287.04443,393.81815,-523.00122,1405.32104,330.33084,-397.03827,1063.53601,82.70448,-589.79187,1095.77136,620.47223,-463.85706,839.01672,18.29874,-567.55804,864.45947,723.51855,-311.04019,1002.36792,369.52463,-384.04688,976.9632,481.15402,-551.2605,909.68604,267.12421,-191.43304,474.19839,375.90286,-628.44745,512.79712,430.7894,-9.02057,201.01338,466.5455,-691.50403,84.33616,351.80508
372,3.71,-235.59236,1432.0979,516.70117,-364.98303,1653.4856,347.47891,-239.10168,1534.76599,335.62286,-353.71811,1524.90869,535.40564,-333.53436,1400.23999,222.12386,-477.12833,1405.58667,520.61475,-351.09573,1286.37561,400.93408,-513.93915,1404.0332,337.80136,-390.30991,1062.97424,88.55335,-579.42694,1093.93835,627.01093,-457.67346,839.7594,22.98865,-557.26733,862.13367,729.8739,-300.81833,1001.45691,377.25262,-373.97125,975.4278,488.28305,-539.7948,907.54138,273.06696,-183.00999,472.36755,381.39447,-619.78033,511.01898,435.98511,-0.43221,199.70378,474.4595,-690.43622,85.41557,355.19159
373,3.72,-225.73463,1431.80176,522.18286,-357.76224,1652.64563,354.44501,-230.46643,1534.2998,343.49759,-344.93732,1524.25598,542.51508,-324.95956,1399.72681,229.05736,-467.125,1404.33667,528.25745,-340.96582,1285.32544,408.41736,-504.94998,1402.51465,345.54419,-382.10669,1062.56836,95.22167,-569.35956,1092.19934,633.75366,-449.35443,837.35626,33.18935,-545.90002,859.69196,735.66138,-291.10977,999.70068,384.36511,-364.07446,973.51379,495.78998,-529.44202,906.72375,280.16599,-173.66112,469.96262,388.55154,-611.72717,509.77185,441.58313,7.8529,198.26347,481.08127,-688.60254,85.36344,356.55127
374,3.73,-217.80292,1432.19421,530.26044,-348.11832,1651.11792,360.69125,-221.88954,1533.85034,350.34399,-336.79822,1524.30908,549.44153,-315.79755,1398.99036,236.33582,-458.30487,1402.73584,535.5509,-331.35028,1284.64856,415.10654,-495.31052,1401.24622,352.97958,-373.74551,1062.40149,101.80386,-558.77515,1090.74207,640.42786,-441.59518,837.06,38.08801,-534.59845,857.93958,741.93103,-280.12787,999.87939,392.71475,-352.26089,972.80865,503.01389,-517.46631,905.89172,286.70078,-164.95021,467.4826,394.01804,-603.08875,508.78226,447.63412,15.0382,195.77267,487.13144,-686.80774,86.18288,358.77496
375,3.74,-208.44373,1433.27576,536.94006,-339.6994,1649.4325,367.91089,-213.12276,1533.78406,357.18146,-327.68939,1523.5,556.34601,-306.42685,1398.03625,243.08008,-448.10321,1401.46716,542.27905,-321.63617,1284.25183,423.0213,-485.90826,1399.81812,360.1282,-364.62943,1062.15356,108.43247,-547.94867,1089.04285,646.74945,-432.86462,838.36597,42.56099,-523.07135,855.81335,747.33154,-268.74097,998.91876,400.32559,-341.29135,971.11896,509.94946,-506.00592,905.2655,293.20773,-155.80614,464.69382,400.10696,-594.70343,507.89664,453.87604,20.95173,192.42326,493.7865,-684.40094,87.07576,362.4566
376,3.75,-198.91112,1433.46497,544.42731,-331.77731,1649.56812,373.6601,-204.28238,1533.64038,363.62082,-318.86652,1523.61365,563.50659,-296.75241,1397.35181,250.14987,-438.31348,1400.68982,549.20227,-310.64771,1283.89026,430.10275,-475.87048,1398.45764,366.83618,-354.8389,1061.75183,114.69257,-537.13947,1088.37341,653.23254,-422.03403,836.85107,50.88734,-511.4783,854.68378,752.95374,-257.45996,999.28906,409.17221,-329.72687,971.08923,519.00446,-494.10587,904.20752,299.84863,-146.53261,461.69934,405.22577,-586.48334,506.15768,460.40649,26.38255,188.50771,498.63318,-682.09583,88.99148,365.66174
377,3.76,-189.72707,1434.1123,553.11102,-324.49002,1649.37,380.48087,-195.26099,1533.65649,371.58853,-310.91989,1523.37402,570.11395,-286.25891,1396.53284,257.08337,-428.86688,1400.38525,556.01917,-300.02182,1283.11121,436.83936,-465.923,1396.99048,373.55386,-344.81207,1061.8562,121.50302,-526.79932,1087.78149,659.39081,-410.98779,836.86536,57.39239,-499.48239,853.245,758.60052,-245.20146,999.08588,416.84607,-321.12241,969.04041,523.82672,-481.2132,903.22546,306.1897,-138.05577,458.07898,410.6106,-576.43799,505.19495,466.40204,31.595,183.93454,504.69119,-678.41266,90.00183,369.56647
378,3.77,-180.1505,1434.89172,560.35156,-313.65085,1647.51233,387.03314,-184.18469,1534.04749,378.366,-301.45551,1523.72595,577.15784,-275.63046,1395.76489,264.67896,-418.9567,1401.172,562.65015,-289.53375,1283.51196,444.8811,-455.62488,1395.94116,380.18204,-334.35287,1060.97693,128.88802,-515.6062,1086.62109,666.16357,-400.84521,836.11108,62.8803,-488.79865,852.41058,763.7066,-233.81226,998.58081,424.89063,-307.57877,970.01624,534.96179,-468.64948,902.80963,312.28152,-129.13971,455.20956,415.23764,-566.68274,503.42917,471.99313,36.45594,178.10498,510.4205,-674.76178,92.40536,373.82901
379,3.78,-170.58307,1436.78125,567.85522,-306.6915,1649.20447,393.86365,-175.91414,1535.66199,385.24921,-293.15598,1524.49829,584.23688,-264.9743,1395.09473,271.7247,-409.16611,1400.83167,569.56641,-278.1524,1284.14038,452.70703,-444.94537,1395.29578,386.96353,-323.42661,1060.28345,135.77869,-504.88177,1085.85107,671.99353,-388.60638,835.78613,69.89308,-476.45941,851.22217,769.14734,-222.54659,997.76019,432.52182,-296.5224,968.8736,542.79376,-455.95578,902.35974,318.31613,-121.15169,452.96613,421.19861,-556.16052,502.04752,478.27966,40.38161,172.14156,515.7951,-669.21545,97.30214,387.49323
380,3.79,-160.28751,1438.96338,575.0202,-297.06836,1649.85107,400.2879,-165.58543,1537.03955,392.64661,-283.64005,1525.68921,591.46466,-253.61732,1394.69458,278.72458,-399.74866,1401.26526,576.685,-268.14224,1284.21814,460.25174,-433.92657,1395.04529,393.77551,-311.66205,1059.95044,142.57376,-494.52469,1085.55444,677.78802,-376.86221,834.84058,76.71085,-465.37997,850.52155,773.59424,-212.83556,997.01892,440.11276,-285.57227,968.85156,550.99139,-443.24799,902.03613,324.61951,-112.99191,452.88745,425.23828,-545.323,500.31689,484.29648,44.15706,166.16557,520.79443,-663.91809,98.25131,389.52698
381,3.8,-149.91441,1441.55786,586.89801,-287.33853,1650.54578,406.66937,-155.01651,1538.28918,401.07742,-273.13742,1526.8501,598.36951,-242.35951,1394.25439,285.87256,-390.08151,1401.89636,583.78125,-257.74142,1284.46387,468.71613,-422.83344,1395.19299,400.67169,-299.62466,1058.86621,150.46951,-484.99448,1086.53857,682.70929,-363.92914,834.59674,83.56567,-454.33612,850.5838,778.409,-202.11578,998.10883,449.07266,-275.43561,967.14691,558.43237,-431.00339,902.17511,330.08411,-103.84921,454.90985,429.88425,-533.96997,498.85999,493.10626,46.24537,161.55885,524.4422,-657.93683,99.98224,394.20941
382,3.81,-140.07381,1444.23364,595.49573,-278.11758,1650.74475,413.09311,-144.23926,1539.90344,409.18796,-264.27264,1529.62244,605.67242,-230.67769,1394.1073,294.05853,-380.35123,1402.30737,591.26648,-247.7357,1284.53882,476.12564,-411.48947,1395.68811,407.31854,-286.31729,1058.26782,158.42644,-473.88571,1085.51025,687.79694,-349.91129,832.24933,92.20852,-443.26843,850.6756,782.81915,-191.81755,998.99792,456.54263,-265.98969,967.1192,564.01636,-419.13251,902.32898,336.91913,-95.26305,457.62515,436.11935,-521.98871,498.53333,499.19604,47.39323,156.12662,528.35907,-650.37292,102.94656,398.95871
383,3.82,-129.17996,1447.18872,604.2149,-268.54218,1650.4397,419.01855,-132.02412,1540.66016,416.9155,-254.51715,1531.14856,612.45959,-218.64209,1394.31812,301.65912,-369.20639,1403.30762,597.88934,-237.41954,1284.77612,483.48309,-400.36401,1396.26563,414.08032,-273.27356,1057.86975,166.08846,-464.30746,1086.03662,692.77338,-334.97623,831.12726,100.35601,-432.05777,850.45996,786.46216,-181.78056,1000.10376,464.02536,-256.10284,966.45386,571.77313,-409.14441,904.10071,342.89288,-84.9745,460.82367,441.87305,-508.73901,498.19409,505.36078,48.28987,151.51729,531.31787,-642.7002,107.04523,403.25958
384,3.83,-119.28181,1450.15405,612.82068,-258.16599,1650.22412,424.62994,-121.41342,1541.37488,425.14407,-245.19383,1532.8551,619.64758,-207.27481,1394.60559,309.39825,-359.1312,1404.03088,605.15802,-226.54553,1285.28247,491.52124,-389.6272,1397.57764,421.27301,-259.09027,1057.28503,174.43445,-454.3681,1086.80103,698.02576,-319.13803,830.98096,109.36963,-421.09531,851.00299,790.67426,-172.36055,1000.78906,471.36679,-246.89326,966.27722,577.52826,-399.15848,904.80206,349.05945,-73.43959,463.91318,449.79938,-495.14902,497.85431,513.47021,48.32746,146.90889,533.1817,-631.69879,112.45744,409.0603
385,3.84,-109.10992,1452.61902,622.38751,-247.6312,1648.82056,431.01208,-110.49478,1542.63953,433.12201,-235.71353,1533.73633,626.50378,-195.33029,1394.87134,317.30222,-348.21008,1405.17725,611.40973,-216.33231,1285.97278,498.71228,-378.58533,1398.97351,427.82373,-244.6028,1056.61475,182.93382,-444.55603,1087.69116,703.24524,-302.43936,829.51563,118.47977,-410.89255,852.1098,794.65192,-163.27246,1001.77551,477.59436,-240.45853,965.90869,581.14874,-390.14511,905.76923,355.61703,-61.9188,465.14557,456.72891,-480.41766,498.92807,521.87762,48.36702,141.51102,535.2868,-620.12048,119.24583,412.77106
386,3.85,-98.28925,1456.48145,630.91156,-240.04671,1650.3103,436.45667,-100.13955,1543.76465,440.43292,-226.62595,1535.92224,633.5282,-183.7704,1395.37244,325.13837,-338.12451,1405.90088,618.08533,-206.10175,1285.32886,506.9097,-367.76355,1400.35779,434.19351,-229.34888,1056.474,190.89059,-433.98523,1088.82043,708.15216,-284.23279,828.67517,127.07735,-400.63864,853.09009,798.17023,-155.43904,1004.1524,484.29221,-232.39957,967.19037,587.71698,-381.32849,906.85809,361.36646,-49.93233,466.31964,463.46854,-465.57083,499.04449,530.37366,47.60827,136.29547,537.85345,-607.85718,127.99718,417.15289
387,3.86,-88.78027,1459.43372,638.46942,-229.75925,1650.42847,442.35654,-89.57646,1544.66687,448.59918,-217.21155,1538.30774,640.56445,-171.93433,1395.8606,332.95969,-328.2684,1407.42822,624.14606,-195.31131,1286.19983,515.09882,-357.51282,1402.20227,440.75562,-213.61356,1055.70361,199.75821,-424.08273,1089.82227,713.08527,-265.85504,826.88428,135.88353,-389.88351,853.95691,801.59412,-146.05968,1004.61743,491.33395,-224.67368,968.95416,594.97028,-373.03812,908.42371,367.27371,-38.9436,467.10568,470.29276,-449.89288,499.53836,539.41455,47.41759,131.57903,538.45923,-594.76501,135.88593,421.92862
388,3.87,-78.95293,1461.85522,647.80249,-220.02443,1650.89917,448.50253,-78.85474,1546.18494,456.65448,-207.80354,1540.35754,647.79382,-160.547,1396.60071,341.28281,-319.66733,1409.22778,630.80005,-185.97305,1287.07092,523.0625,-347.33578,1404.02466,446.93909,-197.75581,1055.70361,207.76788,-414.89957,1091.20227,717.54376,-247.65225,826.4314,145.23767,-379.58795,855.0528,805.47266,-136.3326,1005.58826,498.92889,-218.81749,970.36871,600.32745,-364.86874,910.28119,372.57269,-26.97758,468.4455,476.61252,-433.40411,500.3931,548.67236,47.41364,127.58154,539.36401,-581.35144,145.00841,427.07471
389,3.88,-69.66844,1464.80359,655.90021,-210.03201,1651.85168,455.26978,-68.842,1548.57031,463.80981,-198.67117,1542.30334,655.10138,-149.53925,1397.50964,349.85016,-311.629,1410.9751,637.12427,-176.52827,1287.89172,530.56226,-337.26419,1406.0343,453.17014,-181.25937,1055.27966,216.11476,-405.56766,1093.00696,722.33264,-227.72878,824.6283,155.07268,-369.4343,856.71417,809.04761,-130.0822,1006.77515,507.12271,-212.77667,972.37805,606.68121,-356.65775,912.6369,377.76187,-15.39529,470.32703,482.04288,-414.52405,500.25665,556.43872,47.20085,124.06467,540.27124,-567.99561,155.16127,438.19928
390,3.89,-61.21609,1467.34546,664.28137,-199.98917,1653.76111,461.63809,-58.53833,1550.42053,472.34088,-189.70834,1544.79089,662.48492,-138.27866,1398.97559,357.6084,-303.61508,1413.20337,643.87207,-168.06891,1290.2616,538.70715,-327.64511,1408.40259,459.20514,-164.84813,1055.08899,225.27396,-396.68173,1094.89758,727.13641,-206.86353,821.75977,168.14714,-360.41257,858.55566,812.86847,-123.20281,1007.13239,514.76965,-206.90077,973.86334,612.66412,-347.9931,915.50348,382.3179,-4.92489,473.70123,485.84344,-395.77402,499.82343,565.02551,45.89518,122.26171,539.82733,-551.72461,164.2182,444.95889
391,3.9,-53.1658,1469.59839,672.05371,-190.18123,1655.32458,468.5611,-48.83349,1552.07239,480.08908,-181.07536,1547.19543,669.51874,-127.2842,1400.67883,366.03214,-297.31604,1415.51636,650.65973,-158.89513,1292.34338,547.71497,-318.29825,1411.21143,465.35806,-146.93826,1054.91187,235.07135,-388.34753,1096.98059,731.16595,-185.88376,820.75195,180.28619,-350.99219,861.26941,816.63806,-115.6718,1009.26117,523.25586,-202.39528,974.56384,618.58606,-338.96759,918.27942,386.41489,3.98272,476.18539,489.23285,-376.75293,498.68973,573.0752,44.01389,122.06321,539.30682,-533.12207,172.32417,452.3631
392,3.91,-44.14789,1471.7312,679.70453,-181.20459,1657.46643,475.42279,-39.94532,1553.81055,487.77209,-172.36861,1549.12683,676.74127,-116.71349,1402.29907,374.72586,-289.63876,1417.86145,657.11975,-151.46298,1294.1145,555.77826,-308.867,1414.11194,471.33865,-129.709,1055.78027,243.80235,-380.00076,1099.20325,735.38202,-164.21095,820.01178,191.94775,-342.41888,863.96759,820.8833,-109.9923,1011.05774,531.90857,-197.85747,976.14233,626.03119,-329.54193,921.46844,389.94308,11.91462,477.36383,489.89145,-357.67249,497.55484,582.02539,42.47281,122.99258,539.37756,-513.8269,180.12585,461.0535
393,3.92,-36.22094,1473.80408,688.03033,-171.38585,1659.87366,482.41037,-31.01826,1555.79285,495.63528,-164.51126,1551.64136,683.88831,-106.19727,1404.43958,383.19968,-283.42245,1420.80725,663.10596,-144.47255,1296.41968,564.32825,-300.24771,1417.60864,477.53214,-111.21252,1056.51831,254.18582,-373.47165,1101.70471,740.17255,-142.62213,820.17767,204.06964,-333.95715,866.80707,824.38049,-102.93605,1013.24176,539.16705,-193.07524,976.98376,633.12909,-320.83908,924.6568,393.97324,18.70173,477.86475,490.47092,-338.65866,497.10245,592.51337,40.36879,123.23498,538.13293,-493.98425,186.86848,470.67972
394,3.93,-28.82974,1476.74084,696.00195,-162.26517,1662.66907,490.09409,-22.56782,1557.67236,502.80984,-155.5629,1555.25525,691.59955,-96.64494,1407.21863,391.78873,-277.3107,1423.97412,669.18683,-137.55139,1299.11035,572.88739,-291.30981,1420.70239,483.00949,-93.34154,1058.05225,264.07687,-366.09668,1104.77905,743.61212,-118.64302,819.9176,216.63661,-326.10022,870.33594,827.81763,-97.82326,1015.12225,547.60876,-188.50403,979.38947,640.54944,-312.52176,928.43561,398.21237,25.41216,478.14819,490.13535,-319.04202,497.83374,601.91248,38.8176,123.31023,537.61206,-473.83087,192.10866,474.95612
395,3.94,-21.25229,1478.52258,704.37695,-152.91646,1665.19299,497.33224,-14.37559,1560.03784,511.0163,-148.05109,1558.20398,699.2356,-86.70595,1409.87866,400.19565,-270.5929,1427.40308,675.19324,-130.3071,1301.49304,580.20874,-283.12964,1423.87817,488.72299,-75.5503,1059.78149,274.44516,-359.81769,1107.01746,747.19458,-95.37207,819.81097,229.40085,-320.52521,874.44177,833.02716,-92.42197,1017.03119,555.40674,-183.77266,981.17548,648.32953,-304.56885,932.05981,402.44067,30.47761,477.13217,488.87033,-299.46646,500.5975,612.60309,38.27477,122.96237,537.54987,-453.17734,200.82985,491.40884
396,3.95,-14.53081,1480.24731,712.06757,-144.05907,1668.06262,504.99698,-6.62431,1561.99963,518.59979,-140.37471,1561.17322,706.51508,-76.91074,1412.53174,408.81522,-265.08875,1430.71912,681.03223,-124.29565,1304.08069,587.01825,-274.48077,1427.35645,494.1503,-57.5308,1062.01025,285.37003,-353.95413,1110.27637,750.78412,-71.30858,822.3252,244.3844,-313.75018,878.37555,836.39081,-87.18811,1019.47461,562.80646,-179.59502,983.96704,654.40173,-297.12442,935.96893,407.14865,35.31412,476.90759,487.16476,-279.88501,504.80759,624.10992,37.81652,122.87459,536.15924,-431.24161,207.2823,502.58942
397,3.96,-7.85595,1481.57104,719.66205,-135.64128,1671.44202,512.68683,1.68199,1564.2262,526.70575,-133.28519,1563.70996,714.51923,-67.61228,1416.14465,417.59216,-259.29886,1433.9585,686.09473,-118.00613,1306.79236,595.25665,-266.06656,1430.5509,499.21512,-40.40586,1064.77954,297.35165,-348.65088,1112.89111,753.78253,-47.30184,824.20178,259.20404,-308.83319,882.69409,840.67645,-82.1833,1022.12903,569.57678,-174.55658,986.8653,660.0882,-289.7059,939.86237,411.7735,40.09165,475.74207,486.58777,-260.383,512.26672,635.52118,37.57332,121.923,535.04187,-408.3743,213.46321,514.59283
398,3.97,-0.86825,1484.2052,726.7218,-127.9651,1674.67163,520.70245,8.85291,1566.61853,534.40253,-126.36992,1566.27954,721.91455,-58.89859,1419.39746,425.55066,-253.78688,1437.02124,691.60339,-111.96556,1310.32556,602.8371,-257.99905,1434.00757,504.86356,-22.74853,1067.31067,309.66174,-344.29922,1116.51013,757.42767,-22.55512,826.40503,275.85764,-303.94916,886.85248,844.62878,-75.18128,1025.17065,576.37158,-169.45377,990.61084,666.20416,-283.45438,942.78375,415.28729,43.4076,475.08694,484.32947,-242.52998,520.90686,647.44574,38.36862,120.72268,533.90027,-384.42923,218.16873,526.56146
399,3.98,5.00476,1486.08704,734.1496,-118.92355,1677.56299,528.21576,16.67106,1568.4502,543.62952,-120.1009,1569.16516,729.23114,-49.9394,1422.33093,433.03421,-248.27356,1440.39551,696.56805,-105.70085,1313.51965,609.97192,-249.76251,1437.4248,509.86295,-5.79267,1071.07556,322.68115,-339.20975,1119.36084,760.12665,0.84393,830.55469,291.53326,-300.5509,891.09991,848.77148,-69.3272,1028.56641,581.9895,-163.1602,994.64386,672.70087,-276.33215,946.40369,421.51074,45.89243,474.83401,482.63196,-225.49384,530.24487,659.82068,39.0631,119.43303,532.12598,-361.00497,223.24545,539.42316
400,3.99,10.63407,1487.91455,742.49841,-112.17165,1680.53931,536.21484,24.23507,1571.46118,551.24298,-113.99978,1571.6239,736.68933,-40.64158,1426.20471,441.94986,-243.16679,1443.43848,702.01544,-99.66889,1316.2887,616.77252,-241.70329,1440.37537,514.93988,10.60867,1074.35425,336.29495,-335.42532,1122.78967,763.29572,24.46286,833.85889,310.18936,-296.96121,894.77789,852.69641,-63.26657,1031.5509,588.2207,-157.63759,998.14648,677.72552,-269.94958,949.38214,427.75681,47.55194,473.90292,480.13101,-209.95018,539.11273,673.12598,39.30248,118.856,531.65533,-336.50302,226.44292,552.62726
401,4,17.01778,1489.51355,750.586,-104.90622,1683.99707,543.86664,30.78863,1573.64136,559.05817,-107.12444,1573.3999,743.56927,-31.81097,1429.60693,450.04141,-237.95848,1446.61853,707.10999,-93.67882,1318.70508,624.01538,-234.13646,1443.43555,520.09674,26.54078,1077.87158,349.4292,-332.22745,1125.94861,766.1778,47.99301,837.76276,326.30463,-293.5625,899.20715,856.78625,-56.58992,1035.41077,594.04346,-151.23083,1002.24084,683.47131,-263.67499,952.34314,433.19382,49.30671,473.69345,477.30603,-192.75127,548.00934,684.88629,39.8005,118.84871,529.7207,-312.13791,229.41943,566.52057
402,4.01,22.15359,1491.46167,757.75793,-96.47764,1686.30005,551.53436,38.11003,1576.05115,567.26843,-101.56803,1575.04626,751.20227,-22.83758,1432.74365,458.18811,-233.09384,1449.38611,712.51611,-87.77204,1321.72205,630.58447,-226.04611,1445.91504,524.76825,42.88266,1081.58167,361.50983,-329.96921,1129.43457,769.72742,70.23491,841.51135,343.80508,-291.6554,903.10834,860.54437,-49.04564,1038.43811,601.138,-146.24904,1005.42273,688.8786,-257.71774,954.92798,438.8389,49.60089,473.94513,475.31793,-177.47574,556.06018,696.30029,39.35208,117.76544,528.14587,-286.64105,231.02968,580.25623
403,4.02,27.92763,1492.81079,765.17078,-89.25109,1688.94214,559.03693,45.07162,1578.29309,574.99249,-95.70618,1576.74744,758.03748,-14.48322,1435.91833,466.38159,-227.92047,1452.17358,717.84698,-81.41201,1324.35095,637.52319,-218.77637,1448.68091,530.14026,59.68432,1085.30554,375.22717,-326.9053,1132.48608,773.31012,94.38694,846.44,360.77545,-288.77493,906.25696,864.47821,-43.42533,1041.43738,606.83661,-140.58353,1008.69293,694.43903,-251.48451,957.25739,445.07617,49.39618,474.78354,474.14291,-163.36533,564.24261,707.61176,39.7594,118.0746,526.10675,-262.33408,232.55722,595.08368
404,4.03,33.76612,1493.96973,772.24335,-82.79076,1691.50342,567.38074,54.24443,1579.64795,585.3382,-89.13728,1578.12195,764.6983,-6.65125,1438.49194,474.97354,-223.29442,1455.14148,722.54291,-75.92649,1326.68884,643.93774,-211.401,1450.99182,535.36401,76.15524,1089.85986,388.23288,-324.59042,1135.34448,776.01361,116.2175,851.39417,378.51682,-288.2225,909.70728,868.54218,-37.58528,1043.27942,613.49969,-134.99324,1011.78918,700.87964,-245.4364,958.89337,451.01337,48.5722,474.90872,473.14966,-149.74329,570.88635,718.36084,40.0369,118.61247,524.30432,-236.52568,232.67632,609.79785
405,4.04,38.85244,1494.82227,779.80914,-75.86514,1693.99585,574.61566,60.95622,1582.35828,591.91437,-84.19846,1579.3396,772.39618,1.5426,1440.87085,483.15356,-218.08247,1456.83044,726.87238,-70.0628,1328.85339,650.20618,-204.09599,1453.35889,540.26996,92.75118,1093.63159,401.86887,-322.23996,1137.93152,780.00818,139.3717,856.07166,398.18817,-286.50412,912.5553,872.26746,-32.11888,1045.71301,620.33154,-129.82025,1013.91986,706.37427,-239.92796,961.15491,456.83133,47.07061,475.38745,472.61813,-135.8663,576.61755,728.45813,41.04719,119.10454,523.06207,-212.92076,233.1053,625.34521
406,4.05,44.44011,1495.87817,788.4519,-68.65678,1696.10828,582.51935,66.62055,1583.90601,598.73175,-77.99855,1580.70825,779.25897,9.46889,1443.30969,490.9628,-214.09441,1458.5376,732.21436,-64.5855,1330.9873,657.38391,-195.74405,1454.93079,546.12262,108.76505,1097.89966,415.37411,-320.93079,1140.92664,783.79852,160.59669,862.33667,415.81488,-286.53369,915.47827,876.56915,-26.33965,1047.04675,626.42096,-125.0023,1015.82965,712.55798,-234.00255,963.01849,462.99698,45.5406,475.88177,471.99539,-125.38428,582.59698,739.29407,42.0551,119.89375,521.49738,-187.82806,230.99745,640.47888
407,4.06,50.23123,1496.59375,795.06885,-62.06459,1697.38013,590.58752,74.48569,1585.34192,607.59229,-72.96075,1581.64844,786.81818,15.90327,1444.38916,497.75024,-209.09549,1461.82922,737.0816,-59.04284,1333.02319,665.06702,-188.51569,1456.54443,550.98718,125.5726,1102.36707,427.86914,-318.51144,1143.36877,787.41766,182.52364,867.40643,431.23492,-285.08481,917.97827,879.94775,-20.87464,1049.29724,633.37457,-120.38863,1018.20471,718.64502,-227.93559,964.30188,468.86557,43.85855,475.2558,472.17532,-118.78491,588.84106,749.72894,42.90117,120.70847,520.12103,-163.79062,229.9238,656.36798
408,4.07,55.61891,1496.55933,801.65521,-55.31796,1699.01221,598.17883,80.54876,1586.09265,616.30115,-66.7829,1582.3916,794.03149,23.76535,1445.92847,506.28699,-204.50139,1463.43237,742.05402,-54.2365,1334.52527,671.6665,-181.59367,1458.81384,556.25909,141.86832,1106.79858,440.89459,-316.7767,1145.60596,790.81287,204.8652,874.15955,451.5455,-284.85733,920.07458,883.83148,-16.54182,1049.42944,640.3385,-116.32891,1019.44452,724.63342,-221.84505,966.05359,474.88358,41.95541,475.74612,472.79178,-112.48311,592.81659,761.02606,43.88346,121.31906,519.07587,-139.56674,226.61298,672.59277
409,4.08,61.60027,1496.70483,808.69641,-49.33015,1700.54248,606.38776,86.47675,1588.0415,622.49884,-61.87734,1582.98181,801.34528,31.27846,1447.35083,515.27679,-200.03606,1465.15833,746.79755,-48.71566,1335.6189,677.54437,-174.21933,1460.15295,561.0733,158.22185,1111.31067,454.26505,-314.60318,1147.61609,794.28931,225.43521,880.36511,469.02557,-285.12646,922.11548,887.71143,-12.16383,1050.69434,648.24164,-112.80489,1021.26282,732.13,-215.84067,967.27106,480.21213,40.36592,476.23697,473.0123,-107.13299,596.68787,771.98523,44.1492,121.64322,517.03687,-116.39156,223.1832,689.57654
410,4.09,66.32391,1497.01941,816.55273,-41.69344,1701.5603,613.91504,92.81241,1588.23352,631.17194,-56.19619,1582.88452,808.42224,38.66978,1448.21985,523.99683,-195.91872,1465.95837,751.89789,-44.17981,1337.02075,685.52399,-167.3241,1461.80579,566.53455,174.05785,1116.40991,468.27072,-312.41284,1149.95691,797.20142,245.75739,886.48169,486.54498,-285.30301,923.87891,891.00897,-5.87132,1051.37292,656.67865,-109.63896,1022.47357,737.9566,-209.80864,968.80505,485.7446,38.90998,477.00162,474.13577,-102.55502,600.09778,782.42444,44.98452,122.44886,515.19293,-94.51167,219.19148,707.72308
411,4.1,71.71476,1496.08081,824.05457,-35.36311,1702.63611,622.05365,98.822,1587.80396,638.20978,-50.68541,1582.73999,815.65015,46.10696,1448.85498,531.79956,-191.21355,1468.1709,757.14764,-38.6108,1337.94629,692.32678,-160.30037,1462.8916,571.35919,188.8541,1120.59558,483.60831,-311.05716,1152.03784,800.75067,265.90335,893.02893,504.74243,-285.92941,925.3844,894.19128,-1.48581,1051.29871,664.40942,-106.78442,1023.68549,744.75238,-203.54863,970.26727,491.04169,37.86279,477.81891,475.19608,-98.13124,602.98828,792.29706,45.34795,123.62633,513.72131,-71.75981,213.68546,726.48602
412,4.11,76.56809,1495.70337,831.13092,-29.29034,1703.73706,629.96307,105.80357,1589.18359,646.71906,-45.15411,1582.25549,822.62537,52.72622,1449.47485,539.80878,-186.95947,1469.172,761.72723,-34.13108,1338.10657,699.04669,-153.39723,1464.47522,576.86511,203.57524,1125.17114,496.3363,-309.18628,1154.52405,803.99988,285.63742,900.1709,522.06561,-286.35178,926.86066,897.27307,1.91258,1051.85693,671.44775,-103.10496,1025.23169,750.9549,-196.83864,971.38153,496.75629,35.63992,477.79993,477.30173,-94.1471,605.70447,801.47272,45.36226,123.70527,512.64722,-51.91607,209.99771,746.89233
413,4.12,81.5957,1495.05359,837.55798,-22.61406,1704.38062,637.84314,111.4876,1589.59192,654.14984,-39.96537,1582.45251,830.10809,59.80906,1450.19739,547.32031,-182.08398,1471.02173,766.9895,-29.26869,1338.72498,706.12103,-146.40686,1465.09509,582.03772,217.56577,1129.81421,509.55362,-307.09286,1155.53943,806.76898,305.03409,906.74146,540.68268,-287.38507,927.98718,900.32538,5.75198,1051.82336,679.07416,-99.54232,1026.56396,757.74396,-190.86266,972.98694,501.93326,34.65213,477.65753,479.02933,-91.03857,607.46539,810.29053,45.46996,123.82832,510.80121,-31.30691,205.58862,767.77618
414,4.13,86.10302,1494.48901,845.35913,-16.75258,1705.20361,645.81787,116.6429,1590.34595,661.95148,-34.82321,1582.1322,837.12738,66.5015,1450.29211,555.55457,-177.0117,1471.80591,771.62091,-25.46434,1338.81421,711.67145,-139.71059,1465.8302,587.44617,231.38745,1134.20935,523.42358,-305.39786,1157.61938,810.0058,323.29303,913.75836,556.20569,-287.99966,928.95496,903.18481,10.75558,1052.85791,686.39355,-96.15147,1027.79431,764.60132,-184.87227,974.25531,507.82813,34.59238,478.13824,481.65967,-88.22398,608.91583,819.32819,45.68895,123.74018,509.89432,-10.5857,201.3139,789.63837
415,4.14,90.78043,1492.98108,852.59381,-10.75076,1705.77246,653.703,123.02275,1589.98108,671.14069,-30.35322,1581.21326,843.83893,73.34138,1450.23962,563.7406,-172.99113,1472.21228,777.1366,-21.0738,1338.90466,717.94617,-132.97801,1466.60242,593.05933,243.70665,1138.27332,536.38177,-303.55606,1159.375,813.5163,340.97546,921.27167,574.55054,-289.26923,929.81494,906.15649,15.12809,1052.83081,694.55371,-92.56256,1028.10913,771.30963,-178.96246,974.71869,514.06476,35.14018,479.3316,483.88358,-85.88647,608.59692,827.83746,45.332,123.50272,509.44537,10.27885,197.64302,811.8075
416,4.15,94.97742,1492.38342,859.84802,-5.1091,1706.30176,661.55078,128.37248,1591.22449,679.37701,-26.10337,1579.96289,850.7713,79.94292,1450.19006,571.75256,-167.74402,1473.53003,782.58734,-16.71914,1338.65137,723.99115,-126.34425,1466.99719,598.84448,256.12564,1142.46704,550.07629,-301.75845,1161.04541,816.15137,358.08234,928.91571,592.29846,-290.63202,930.76221,909.00354,19.58306,1053.53162,702.38885,-88.23255,1029.66797,778.2149,-173.18636,975.79541,520.40039,36.13683,479.42624,485.66147,-83.1496,608.14258,835.26764,45.11512,123.20618,509.40646,30.83549,194.99156,835.7915
417,4.16,98.78673,1491.5155,866.39258,1.01691,1706.29541,669.49194,134.17177,1591.42957,687.37946,-22.65668,1579.30237,857.50232,86.0738,1449.82971,579.49353,-163.31303,1473.50281,787.96869,-11.7298,1339.14868,730.79395,-119.93428,1467.06897,604.61792,267.34424,1146.45898,563.70941,-299.79068,1162.37683,819.98639,374.91766,936.58649,608.75757,-291.46854,930.73138,911.41095,24.52172,1054.08325,708.68414,-83.27991,1030.10022,784.50238,-167.7675,975.80688,527.18036,37.32879,479.81201,489.24081,-79.02654,606.70959,841.39697,44.70438,122.8663,509.42545,51.14639,193.0034,859.61792
418,4.17,102.30266,1490.229,873.65137,6.55086,1706.47314,676.9024,NA,NA,NA,-18.2746,1578.07422,864.01617,91.75336,1449.57446,586.93469,-157.49655,1475.47058,794.1485,-7.09965,1339.25378,737.81451,-113.60277,1466.87244,610.68304,277.84454,1150.323,576.1792,-297.48172,1163.44678,823.02802,389.52863,944.43347,625.56976,-293.42749,931.2348,913.43219,28.82322,1053.77759,715.72345,-78.5046,1031.03345,792.21375,-162.73489,976.40253,534.08154,38.55332,480.36664,492.92215,-75.87489,605.24048,846.8938,43.84842,122.37082,508.75705,69.82777,193.8492,884.93512
419,4.18,105.94598,1489.65857,880.92609,12.16323,1706.45239,684.12982,NA,NA,NA,-14.8605,1577.16382,870.25256,97.93143,1449.40771,594.70221,-152.67,1475.73108,799.68469,-2.04863,1338.70154,745.58752,-107.13685,1466.24353,616.20618,287.9176,1154.03821,589.24677,-296.32224,1164.83228,826.28589,404.07434,951.78186,640.39185,-294.85999,931.0993,916.42633,34.27738,1054.93164,722.82678,-73.04923,1031.10828,798.26331,-157.50404,976.04626,541.34454,41.27347,480.20145,498.19528,-72.40495,602.70947,850.88611,43.11897,122.33071,508.72067,88.29835,196.98138,909.11664
420,4.19,109.57568,1488.86694,889.19,17.24422,1706.3905,691.651,150.2504,1591.94592,711.19574,-11.4962,1576.09607,876.92181,103.50569,1448.73718,602.14319,-147.87454,1475.44714,806.1748,3.07353,1338.03662,751.32794,-101.4595,1465.69653,622.71423,297.34958,1157.33301,601.88928,-293.51263,1164.82751,830.15137,418.07828,959.68988,655.59216,-296.34793,930.95276,918.45032,39.92681,1054.39563,730.1507,-67.1616,1031.56848,805.94165,-151.99538,975.48248,548.43915,43.52074,480.49799,502.73856,-69.44664,599.73065,854.12146,41.88,122.02968,509.22223,104.71445,203.21674,931.91541
421,4.2,112.42968,1487.84387,896.25775,23.13702,1705.70947,698.31702,155.25899,1592.04407,718.8111,-8.67606,1575.07556,883.30725,108.95035,1448.22595,609.46295,-142.77325,1475.02124,812.71967,7.76134,1338.06763,758.78851,-95.44095,1464.66016,628.69019,305.47919,1160.44653,613.71405,-291.30893,1165.72729,834.12854,430.80032,966.79999,671.5899,-297.74326,930.05676,921.27612,45.65771,1054.54004,737.06989,-60.5316,1031.61829,814.5824,-147.56114,974.85895,555.99622,46.43861,479.89114,506.38086,-66.03756,596.44385,857.14404,40.56461,121.95918,510.49966,119.72256,211.94484,955.15082
422,4.21,116.63312,1487.65271,904.54077,27.60642,1705.50378,705.51239,160.62231,1591.39429,727.68329,-5.26904,1574.19287,889.64783,114.22917,1447.65674,616.79303,-138.51427,1474.72949,819.12524,13.05638,1337.26685,765.09674,-90.24876,1463.86523,635.55426,314.03857,1163.99255,626.38098,-288.50156,1166.01404,838.52069,442.99808,974.63611,686.92346,-298.47913,928.86877,923.63263,53.80917,1054.83374,744.1189,-53.68309,1030.43713,821.52307,-142.72543,973.87903,563.94635,47.56228,479.57886,512.99408,-63.60373,593.31042,860.44122,40.07246,121.917,510.94452,132.26201,220.86327,975.67072
423,4.22,119.19179,1487.19019,912.53851,32.07425,1704.79187,712.57727,165.60542,1591.51233,735.31824,-2.10511,1573.6416,895.84161,119.25883,1447.08704,623.10828,-133.65494,1472.91223,824.86658,18.03022,1336.73413,773.12616,-85.03545,1462.65698,642.1261,321.20132,1166.78357,638.21136,-285.95847,1165.69482,842.63336,454.16275,982.37079,701.42487,-299.55054,927.15259,925.49969,59.6655,1053.48206,750.33655,-47.13758,1030.6156,828.64624,-137.46901,972.22388,572.21185,50.85633,478.2254,518.77399,-61.98587,589.65643,864.45807,39.03421,121.57032,511.51804,142.99976,230.22015,994.92566
424,4.23,122.59793,1487.17078,920.323,37.52227,1703.89856,719.0097,169.49457,1590.9917,742.85199,0.96184,1572.90125,902.22559,124.00106,1446.63245,630.52325,-128.52829,1472.8031,832.30933,23.17164,1336.18958,780.79852,-79.80616,1461.3291,648.41333,328.38187,1169.52991,649.56903,-283.08411,1165.16809,847.88562,464.4574,989.26001,716.4809,-300.9393,925.77081,928.13782,65.82167,1051.96106,756.26526,-39.3939,1028.99146,835.41486,-132.52945,970.35706,580.48328,55.43996,477.99191,522.05835,-60.55328,585.61456,867.36884,37.95597,120.62378,512.85559,153.61459,239.58279,1013.54413
425,4.24,125.13278,1486.59082,927.91193,42.12325,1703.28369,725.49677,172.70753,1590.39111,750.18585,3.62649,1572.19409,908.4317,128.59547,1446.16577,637.2915,-123.9531,1471.53796,839.6496,28.68553,1335.53333,786.78363,-75.18811,1460.31311,655.69446,334.51132,1173.36401,661.5954,-280.30344,1164.63574,853.18561,473.79068,996.93414,731.13531,-301.70294,922.9729,930.96283,73.98802,1052.1792,763.50336,-32.0658,1026.96265,843.86414,-127.32121,968.70038,589.37445,57.75268,476.83499,528.82556,-58.54662,580.10919,870.63062,37.24084,120.17139,513.25195,163.37497,248.49979,1030.51086
426,4.25,128.29054,1486.73303,935.29102,45.76907,1702.79639,732.25183,178.24199,1589.92126,758.58112,6.66527,1571.47571,914.84961,133.39645,1445.87756,644.76788,-119.48556,1468.67126,846.05621,33.13422,1334.71338,793.80878,-70.73285,1458.89722,662.68561,340.55914,1177.6051,672.29999,-277.07327,1163.75159,858.14844,482.78564,1003.53168,744.23358,-302.93085,921.20367,933.35767,79.6221,1050.11987,770.24622,-24.62444,1026.34021,851.72717,-121.85262,967.43701,598.00653,60.95881,476.31842,534.72339,-55.67369,574.02234,872.26575,36.75164,119.53037,514.05341,173.02806,256.67978,1044.32385
427,4.26,130.76036,1486.82202,944.16864,49.98582,1701.84375,738.97681,181.92068,1590.39758,766.59143,8.31109,1571.3219,921.12054,137.72212,1445.20117,651.76233,-115.25095,1467.39661,853.58331,38.1111,1333.60205,800.56274,-66.40312,1457.74365,670.03699,345.83984,1181.35645,684.13092,-273.85416,1162.71643,864.10858,490.82397,1010.87598,758.40137,-304.33633,918.54376,935.44806,87.30738,1049.68396,777.89783,-16.96311,1024.9165,859.80176,-117.03777,966.36609,606.69226,64.37629,476.19992,539.90723,-53.48131,568.92474,874.92523,36.50462,119.36372,516.59082,181.07936,265.35046,1057.05481
428,4.27,132.80266,1486.18481,951.29584,54.19722,1700.75317,745.44324,185.62013,1590.12256,773.9328,10.66131,1571.27136,927.71387,141.619,1444.89722,657.89667,-111.04774,1466.38452,861.18127,43.37476,1333.28381,808.28442,-62.39136,1455.97058,677.5932,350.28687,1184.85083,695.19244,-269.95477,1161.02173,870.49927,498.09033,1017.02844,772.32135,-304.97421,916.60297,936.82831,93.20155,1048.55078,785.11768,-10.46856,1023.35394,867.34393,-111.5202,964.96265,615.45752,68.38062,475.40283,546.87616,-51.26279,564.55939,877.6795,36.39058,118.6395,517.64264,188.41359,271.82605,1068.91138
429,4.28,135.4294,1486.26794,959.22766,58.46645,1700.43225,752.17944,189.81793,1590.52356,783.26971,13.12757,1570.98328,934.3222,145.57182,1444.59985,665.13519,-106.3857,1464.77649,868.13959,48.79224,1332.09985,816.13251,-58.5462,1454.32129,685.24493,354.55231,1187.30566,705.40649,-266.02762,1159.66626,877.12,504.38278,1023.5882,785.5246,-305.4061,913.24963,939.60156,99.82563,1047.76086,793.68439,-3.34168,1022.61761,876.14056,-105.73627,963.21069,624.27069,71.6983,475.54913,553.41821,-48.49577,561.25293,882.0462,36.65893,119.13064,519.61646,194.67409,278.30969,1079.92834
430,4.29,137.69177,1486.72302,967.30737,61.92206,1699.71399,759.30481,193.34201,1588.29968,789.97974,15.54181,1570.53137,941.14398,149.51659,1444.29663,672.72107,-102.58752,1462.65869,876.46143,52.58977,1331.55652,823.71814,-54.54658,1452.9873,692.61566,358.88269,1189.85498,716.05414,-261.59821,1157.79822,884.46594,510.16653,1029.06555,799.79858,-305.56015,910.15393,940.24664,104.28951,1045.70471,800.75757,2.31702,1020.5285,884.26776,-100.26871,962.04736,633.37787,75.83987,475.39117,559.96814,-42.01424,559.58746,884.02319,36.83493,119.5226,520.15454,201.50888,283.22849,1091.1687
431,4.3,140.61945,1486.93298,976.23145,65.03358,1699.45911,766.40631,196.34628,1589.57568,798.5528,18.04914,1570.64148,948.54468,156.47479,1445.81775,682.90564,-98.79475,1461.49719,884.55444,57.20793,1331.09473,831.14716,-51.12692,1451.54932,700.74481,362.61899,1191.64026,726.08075,-256.74045,1155.66602,892.12677,515.8728,1033.91272,810.9776,-304.87872,907.96692,942.09564,110.50452,1045.22461,809.43854,7.9077,1019.19189,893.50525,-94.6844,960.50842,642.31342,79.96646,475.4798,566.63483,-33.0521,559.29297,888.8988,37.60301,120.10152,522.88531,206.56387,287.37311,1101.78845
432,4.31,143.16177,1487.42261,983.40283,68.44948,1699.22363,773.60077,200.04225,1589.01941,807.39233,20.70358,1570.58813,955.84827,158.80679,1445.24121,689.82391,-94.38073,1460.1062,892.8476,62.76319,1330.50122,839.19525,-47.61578,1450.32385,708.98413,366.90314,1192.85291,736.03723,-251.85048,1152.95337,899.58124,519.96686,1039.68469,824.71777,-304.19839,905.63208,944.53394,115.85147,1042.96252,818.22314,12.65111,1017.76904,902.32843,-89.00981,959.72968,651.06494,84.45794,475.7644,574.2511,-24.33292,560.08051,894.62122,38.01876,121.59441,524.35223,211.76994,291.53592,1112.60315
433,4.32,145.05782,1487.7821,992.95642,71.70147,1698.44214,780.79431,202.36296,1589.17798,815.01862,23.20609,1571.14209,963.27893,162.17245,1445.45251,697.60748,-90.4173,1458.96667,900.83722,66.57421,1330.11169,847.32483,-43.87433,1449.17285,716.86859,370.74414,1193.49988,745.53101,-247.19783,1150.19348,907.67957,522.91742,1042.38806,836.8667,-302.81461,903.55664,947.00348,120.62833,1043.14465,827.99921,18.13986,1016.75549,911.66602,-82.29075,958.17859,659.71234,89.25133,475.01324,581.78546,-14.66607,559.50916,896.0813,39.25576,122.6424,525.83978,215.38913,293.83197,1122.68469
434,4.33,147.87228,1488.35474,1001.03857,74.46101,1698.18835,788.17059,207.1734,1590.60706,826.44434,25.60885,1571.30261,971.23926,164.08235,1444.34045,703.94592,-87.2328,1456.93579,909.53473,70.5625,1329.2196,854.42297,-40.38171,1448.19824,724.86639,374.50638,1194.55713,755.29407,-241.94104,1147.96106,915.88422,527.18512,1045.58215,848.67993,-301.27286,902.09344,949.85669,125.82745,1042.43066,838.8161,22.24736,1016.94452,921.32135,-74.50166,956.68268,668.20264,94.35162,475.62112,588.53595,-6.50287,560.73737,902.77283,41.11819,123.73437,528.97839,216.51752,292.03897,1130.64954
435,4.34,150.65244,1489.27637,1010.59253,77.1641,1697.52002,795.84174,208.79048,1589.5791,833.08081,28.37592,1571.32446,979.33435,167.72992,1444.48254,711.84686,-83.53053,1456.24585,917.72083,74.553,1328.51233,862.66089,-36.93978,1446.93433,732.98792,377.99619,1194.18127,764.59869,-236.92551,1145.66711,923.39343,530.23016,1048.48132,860.94629,-298.98749,900.7486,953.17346,130.79222,1042.25732,848.82318,26.08743,1017.0686,929.39044,-67.04431,954.6297,677.08636,99.82281,475.63855,596.73547,2.24396,565.20868,914.71014,43.30042,125.22758,531.24896,218.01006,284.41049,1134.33728
436,4.35,152.69057,1490.07227,1019.07422,79.56291,1697.27319,803.20636,210.87061,1589.64917,841.12103,30.35382,1571.2439,987.50751,171.11345,1444.78564,719.87762,-78.85748,1456.33484,926.38641,79.31973,1329.27344,871.21045,-33.80361,1446.03357,741.56952,381.3461,1194.33655,772.87042,-232.34746,1143.8302,931.00098,532.72632,1050.7179,870.45062,-296.72012,899.58392,956.45416,135.54683,1041.99463,859.68787,30.65899,1017.95905,939.30756,-58.25272,953.13025,685.52521,105.46638,475.59119,604.81854,10.16512,566.23669,922.62415,45.17448,126.35698,533.67194,218.42747,274.98016,1136.18152
437,4.36,154.151,1490.38843,1027.88269,81.70727,1696.86047,811.95776,214.41353,1590.99414,852.78278,31.78918,1571.5155,995.21936,174.59277,1445.06604,728.52936,-76.44606,1455.74475,935.39966,83.19014,1328.69312,879.50983,-30.60087,1445.25415,749.86481,384.72604,1193.43787,781.12482,-227.53995,1142.58435,938.30957,534.87415,1052.52576,882.43347,-294.38309,899.24664,961.11731,140.13441,1041.51367,870.78473,35.36293,1018.6803,950.06396,-49.9437,950.60999,695.36908,111.34345,474.84985,613.9873,17.44531,564.55103,926.88959,48.27799,128.33998,536.91284,218.67886,264.52448,1137.19202
438,4.37,156.29236,1490.77698,1037.15491,83.48381,1697,819.60913,215.13817,1589.44519,857.57361,33.82933,1571.87134,1003.49713,177.9377,1445.63391,736.69244,-72.81091,1455.21484,943.75195,87.52634,1328.7356,888.46844,-27.33222,1444.15491,758.23206,387.3696,1193.09448,790.09143,-223.08517,1141.2074,945.17712,536.91107,1053.56567,892.9729,-291.31741,898.62286,965.8429,145.63216,1042.65283,882.58813,39.56635,1019.03156,960.3952,-42.16819,950.07117,704.81458,117.71725,475.59848,623.29871,23.74989,566.82416,943.93292,51.20766,130.55518,539.20923,218.66183,254.42993,1137.8689
439,4.38,158.96913,1492.32666,1045.67456,85.70558,1697.5625,828.35254,NA,NA,NA,35.09839,1572.43359,1011.8985,181.21222,1446.07971,745.66187,-69.64789,1454.5636,951.84015,91.51897,1329.38953,896.93256,-23.90967,1443.5802,766.25916,390.30362,1191.6958,797.99182,-219.13268,1140.45654,951.52606,538.16461,1054.53528,903.12085,-287.41043,898.29791,972.29102,151.34584,1044.19287,894.01129,44.53637,1020.03503,971.08618,-34.61218,948.85016,715.34332,123.7628,476.39563,632.04932,30.09178,566.80627,951.40527,54.0841,133.32333,542.49591,218.26677,244.41466,1138.67529
440,4.39,159.99884,1492.63818,1054.82568,88.38654,1698.87683,837.25317,NA,NA,NA,37.19087,1572.61584,1020.17535,186.47124,1447.06165,754.3479,-67.6757,1453.15894,960.08887,95.28648,1330.87585,906.64612,-21.01013,1443.77454,775.08923,392.48953,1190.3988,806.16864,-215.46109,1139.86169,957.70227,539.01801,1054.8999,912.53894,-284.18918,898.03638,976.5611,156.48746,1044.55261,906.1814,49.89617,1020.93103,984.65845,-27.64237,948.97943,725.07568,130.20529,477.22089,642.09192,35.35079,566.34668,961.35358,57.1088,136.36011,545.50903,216.80002,234.57005,1138.08667
441,4.4,161.70276,1494.18628,1064.08008,91.82215,1700.64807,847.02222,NA,NA,NA,38.458,1574.12097,1029.15723,190.47417,1449.11096,763.83368,-64.84814,1453.62964,967.99365,99.26435,1332.79504,915.47968,-17.27058,1444.32019,783.6568,394.09161,1189.34509,813.68823,-211.28371,1139.06567,963.17645,539.19189,1054.33386,923.02051,-280.5242,897.58856,982.7113,162.00258,1045.23804,915.65527,55.17007,1021.15521,995.07166,-22.25992,949.42767,735.79694,138.06638,478.19873,653.78772,40.63058,565.26276,971.37268,61.61296,138.94914,549.94696,217.32678,222.82043,1138.26526
442,4.41,163.01167,1495.76331,1073.59912,93.5621,1702.66541,856.63562,NA,NA,NA,40.37331,1575.03394,1038.01221,192.99289,1449.8385,771.85669,-62.49809,1453.98633,976.14532,103.46294,1334.58325,925.17157,-13.3459,1444.60144,791.96472,396.15424,1187.93823,821.25903,-208.632,1139.51367,969.07477,541.18237,1054.37659,934.17072,-276.55563,897.92212,987.56598,167.41153,1047.06812,926.87476,60.06961,1022.05957,1005.8092,-17.69391,949.74554,747.38293,142.64981,479.1669,665.64233,44.33691,565.77124,981.0296,66.61234,142.97284,554.18787,217.40407,210.7552,1140.04956
443,4.42,164.44394,1496.91382,1083.52246,96.5207,1704.05151,865.56567,NA,NA,NA,41.89574,1576.57056,1046.74719,197.39264,1452.33704,781.37714,-60.52027,1454.81189,984.05023,106.24121,1336.3396,934.53644,-9.5181,1445.31323,800.4433,397.3428,1186.42456,828.31079,-205.04436,1139.9928,974.37463,539.13477,1053.52441,942.36951,-272.9733,899.09521,992.97919,174.00639,1049.28577,939.41748,64.99449,1023.19305,1016.63782,-13.57248,950.31555,758.13269,148.89447,481.32809,679.336,47.35744,566.26245,992.09283,72.73051,147.64764,559.37695,215.35222,200.97665,1138.75537
444,4.43,165.45944,1498.37952,1092.66309,98.39647,1704.82275,874.77948,NA,NA,NA,43.13625,1577.55981,1055.0376,199.9594,1453.48669,789.46179,-57.73614,1455.75269,991.14899,110.83047,1338.05042,944.19952,-5.46348,1445.78271,808.71008,398.61322,1184.15576,835.10535,-202.04933,1141.06555,979.64874,538.02972,1052.30347,951.26385,-268.58905,899.5733,997.75653,177.84344,1049.24792,947.6759,69.6341,1025.04651,1026.78186,-9.73928,951.12225,769.59412,155.31006,483.26422,693.51141,50.0721,568.18036,1003.5528,79.60504,152.32539,565.7796,214.05742,191.46645,1138.77441
445,4.44,165.64163,1498.96509,1101.87024,100.1756,1705.87207,883.3819,NA,NA,NA,43.79291,1577.83948,1063.3667,203.24113,1454.98828,798.90338,-54.8139,1458.13135,998.83221,113.9549,1339.45007,953.1557,-1.20467,1445.72253,816.60016,399.76361,1181.67822,842.60321,-198.87166,1142.14404,984.54407,537.23724,1049.7821,959.59399,-265.36029,901.01508,1003.01923,182.07448,1050.66846,958.60339,74.15849,1027.13037,1037.07666,-5.77216,951.86121,780.23206,162.38083,484.76688,710.6474,51.63923,569.45044,1016.24731,87.1918,157.90985,572.05597,212.44449,182.60118,1137.02002
446,4.45,166.71988,1500.50293,1111.29578,102.15466,1706.28967,892.06775,NA,NA,NA,44.2252,1577.87207,1071.39575,208.29259,1456.43542,810.21808,-52.95727,1457.86047,1005.68854,117.8214,1341.42261,963.66833,2.65429,1445.79468,824.68707,400.70523,1178.36792,848.58954,-195.49138,1143.1925,989.44421,535.02631,1047.50891,968.71136,-261.51532,902.40155,1008.30359,186.64688,1051.75928,969.58875,77.34274,1029.5304,1047.1947,-1.00115,952.57043,790.31213,170.17973,485.71405,728.21954,53.40099,570.74219,1030.03918,95.56305,164.6655,580.6806,208.30063,176.79504,1135.97839
447,4.46,167.02571,1501.70508,1120.3938,103.71258,1707.08044,900.43817,NA,NA,NA,44.53382,1578.29932,1079.51367,211.97737,1457.36487,820.15063,-51.23084,1460.14734,1013.4549,120.0972,1342.73279,973.32574,6.75793,1446.14746,832.62994,401.79562,1175.1062,855.32507,-192.90372,1143.97974,994.58453,534.48547,1044.81042,976.76276,-258.06107,903.24377,1013.45398,190.63507,1052.93555,979.32428,80.95765,1031.1449,1056.77185,4.32999,952.11768,800.04303,178.13252,485.51459,745.97614,54.43701,571.26917,1044.47021,103.76446,170.75403,590.92798,204.01799,171.20654,1133.58948
448,4.47,167.84732,1503.63855,1131.36072,105.00598,1707.9137,909.05914,NA,NA,NA,45.78179,1578.85803,1087.39539,215.3134,1457.7262,828.67529,-49.28561,1459.77808,1019.93561,122.33651,1344.07629,982.66644,10.68808,1446.69312,840.75348,402.63531,1171.62024,862.16266,-189.97511,1144.72461,999.51312,532.91333,1040.90125,985.05994,-254.18221,903.46448,1018.18921,194.33563,1054.45154,989.78607,83.52304,1033.03223,1066.72729,9.17221,952.93341,808.77606,187.80846,485.15723,764.64288,53.27899,572.37854,1059.16125,112.25676,178.57693,601.78406,199.45961,165.48734,1131.4657
449,4.48,168.50182,1505.30591,1140.87488,107.32206,1709.28979,918.56659,NA,NA,NA,46.01323,1580.57385,1096.09363,220.48621,1458.40234,840.77087,-48.00278,1462.13428,1027.30676,124.58221,1344.81921,992.59216,14.78254,1447.03625,848.87299,403.09402,1166.59619,868.79333,-187.09222,1145.11987,1004.6225,531.29779,1036.66333,992.37439,-251.41589,903.83105,1023.80731,197.37915,1055.80383,1000.88751,85.30617,1034.49878,1076.44299,14.99565,952.37793,817.5675,199.68208,487.16049,782.98114,52.1145,572.95581,1073.73779,121.09402,185.64995,614.24115,194.68405,162.46931,1128.78003
450,4.49,168.69708,1507.56348,1150.68823,109.61047,1709.99426,926.82623,NA,NA,NA,46.63786,1581.68774,1104.44714,225.03981,1459.21399,851.09955,-47.02267,1461.93201,1033.53479,126.11185,1346.08423,1002.77124,19.21593,1447.32373,856.45734,403.61359,1161.41296,874.28699,-184.21382,1145.69458,1010.00482,529.81934,1031.53259,1000.4436,-247.84285,904.11371,1029.06958,199.70418,1055.86743,1010.20001,87.82645,1035.005,1085.34546,19.76625,952.9491,826.13593,212.69867,492.0611,800.64392,51.05247,571.70825,1087.96484,130.95815,193.6273,628.64526,190.08897,159.86751,1125.35046
451,4.5,168.82043,1509.11829,1160.78992,111.42084,1710.76428,935.58405,NA,NA,NA,47.14838,1582.63367,1112.67334,228.44183,1458.44824,860.25586,-45.44688,1463.9425,1040.72009,128.54231,1347.42151,1011.93024,23.20021,1447.98755,864.47168,403.60086,1156.64612,880.37744,-181.91605,1146.16064,1015.50909,527.59985,1025.56372,1007.38513,-244.24478,903.841,1034.02356,202.31938,1056.9082,1021.42792,89.46854,1035.35999,1094.9707,24.74059,953.18073,834.94641,226.93083,496.00812,820.32416,49.12008,571.10547,1102.27051,140.93553,202.51085,641.95648,185.23491,159.53557,1121.8584
452,4.51,168.7404,1510.75012,1170.50916,113.30913,1712.16113,944.24304,NA,NA,NA,47.01189,1584.08447,1121.47351,232.41341,1458.69373,871.10565,-44.705,1464.98413,1048.05908,129.99928,1348.56226,1022.42645,27.25753,1448.48877,872.53998,403.71838,1151.67285,886.84589,-179.43875,1146.27698,1020.5321,525.65643,1018.64404,1013.08411,-241.52028,903.83264,1039.797,205.13383,1057.88794,1031.78918,91.75426,1035.71399,1104.68518,29.67055,953.25677,843.95758,240.8808,499.0329,840.95581,46.70087,570.61438,1116.00391,152.87173,211.46964,658.32574,183.74318,157.69249,1119.46985
453,4.52,167.96425,1512.37549,1180.90356,114.9353,1712.92407,953.09918,NA,NA,NA,46.92121,1584.29517,1128.91675,236.69377,1458.78027,881.48529,-43.52977,1465.97778,1054.48682,131.79529,1349.16785,1030.92725,31.62988,1449.0769,879.93872,403.4855,1147.63208,892.93188,-177.16855,1146.88147,1025.72668,523.02087,1011.57288,1020.39227,-238.17651,904.17365,1045.28845,206.33044,1058.9353,1042.86572,92.88586,1036.1748,1113.65442,35.06225,954.17389,851.80884,255.54854,501.97174,860.74054,45.39268,569.20074,1128.41614,166.41484,220.86731,673.77722,181.54298,156.19539,1116.3457
454,4.53,168.01709,1514.01807,1190.5658,118.01952,1713.15149,961.61163,NA,NA,NA,46.61466,1585.5033,1137.14087,240.57346,1459.69165,891.45795,-41.8385,1466.09619,1060.40491,133.55049,1349.90173,1040.68225,35.34162,1449.93323,888.08276,403.01068,1143.99597,900.42657,-174.81474,1146.92908,1031.23389,519.40747,1004.07312,1024.5293,-235.04903,904.06537,1051.21387,208.18187,1060.51807,1053.60242,93.23942,1036.9751,1122.67822,40.22552,954.55743,859.63654,269.29926,503.31293,881.76868,43.03316,570.10461,1140.10986,180.13394,229.64227,690.20343,182.49586,153.24269,1116.6543
455,4.54,167.16913,1515.46753,1200.1991,119.71227,1714.16516,970.62769,NA,NA,NA,47.56348,1586.20544,1144.76855,244.28958,1460.54309,901.93524,-40.64559,1467.38074,1068.22449,135.1227,1351.11328,1050.56982,39.14417,1450.8457,895.91711,402.48758,1141.87793,908.4657,-172.65804,1147.62073,1037.00146,516.55927,996.46185,1030.479,-231.4041,903.63934,1056.75549,209.66234,1061.70874,1063.75439,94.07991,1037.68848,1131.73914,45.32966,955.96808,867.20844,283.58655,504.24237,902.0379,41.43354,569.39008,1149.62,194.7731,237.89825,706.29144,180.6967,151.79762,1115.92798
456,4.55,166.54984,1516.64478,1209.67847,122.05077,1715.50732,979.57813,NA,NA,NA,46.48854,1587.8949,1152.93567,247.86917,1461.401,911.82397,-39.13552,1467.63538,1074.08923,137.03789,1352.12183,1059.83215,42.43752,1451.79468,904.13019,402.60593,1140.5354,917.90021,-170.72031,1148.17114,1042.97974,512.77173,987.62964,1034.79224,-227.87326,903.36249,1063.12073,211.22589,1063.28467,1073.82324,94.85033,1038.47009,1139.93481,50.29993,957.23999,874.51599,297.48129,504.16806,923.21918,39.16535,569.48151,1157.21741,208.97647,245.11589,723.68323,178.04024,150.52319,1116.22095
457,4.56,165.21828,1517.88208,1219.03613,123.91042,1716.82214,988.11517,NA,NA,NA,47.06759,1588.61621,1160.67224,251.48073,1462.64648,922.44177,-37.77658,1468.09448,1081.19287,138.07726,1353.61804,1069.07458,45.58288,1453.03723,912.19073,400.57724,1137.64099,926.32782,-168.29001,1148.39648,1049.36401,508.64334,978.97742,1039.72937,-225.48291,904.22687,1069.54993,212.20439,1065.07495,1084.45618,95.00349,1039.38989,1148.07678,55.60023,958.61426,881.65784,312.37918,503.9447,944.8183,36.88711,568.94604,1162.91187,223.30061,252.04799,741.33704,174.85587,149.76848,1118.40906
458,4.57,164.49127,1519.04248,1229.21594,125.58245,1718.1665,997.08691,NA,NA,NA,46.243,1589.71948,1168.43213,254.44684,1464.17859,933.05725,-36.59915,1468.88965,1088.20898,140.02469,1354.38293,1078.6272,49.10502,1453.5824,919.92041,400.69662,1136.17725,935.10419,-165.93048,1148.86487,1055.70227,504.05103,970.36377,1043.92126,-221.21381,903.89142,1076.1156,213.40509,1066.86292,1094.91663,95.49861,1040.78064,1156.61194,60.56261,960.46222,888.89752,326.57947,503.16257,966.59778,34.8689,568.50745,1167.44116,238.0565,258.37909,760.41467,167.29578,153.35719,1119.14343
459,4.58,163.08263,1519.98706,1237.93201,127.81398,1719.03687,1006.54108,NA,NA,NA,46.29967,1589.87036,1175.48523,257.50369,1465.02454,943.3147,-35.21668,1468.40662,1094.86804,141.70273,1355.64746,1086.69812,52.2475,1454.95227,927.88159,401.10077,1135.73804,944.16821,-163.36877,1149.20313,1062.08875,500.42627,961.0025,1046.80518,-217.27063,904.00482,1083.44458,214.45982,1069.02075,1105.55225,96.13047,1041.77759,1164.50769,65.03806,962.0257,895.90588,340.58405,502.34238,990.09418,32.18287,568.02008,1171.073,253.57449,264.15714,779.71875,164.10368,151.96715,1121.02539
460,4.59,161.56543,1520.74536,1246.86707,129.28165,1720.0918,1015.33246,NA,NA,NA,45.48302,1590.98816,1183.72644,260.32205,1466.51245,953.01251,-34.02607,1470.39771,1102.24243,142.81082,1356.2312,1095.51758,55.30302,1456.16113,936.07458,401.78622,1135.13892,954.14063,-160.49353,1149.66406,1068.46228,495.06409,951.53485,1049.9231,-213.42084,904.20917,1091.0365,215.1617,1070.06812,1115.854,96.89622,1042.80774,1172.6344,70.63186,963.6123,903.39374,353.76459,500.63333,1012.86688,28.23619,568.52594,1175.11804,268.47308,269.03128,799.15814,159.06589,152.64795,1123.45898
461,4.6,160.85838,1521.93762,1256.13013,130.81451,1721.93042,1024.08081,NA,NA,NA,45.5267,1591.60071,1190.60498,264.38437,1468.82642,964.94586,-32.86643,1471.46594,1109.65918,144.45432,1357.59692,1104.48962,57.75511,1457.32947,944.49463,402.9791,1134.37268,963.99316,-157.57286,1149.73291,1075.28467,490.5816,941.93866,1052.35791,-209.05887,904.14746,1098.63684,216.34508,1071.93298,1125.85291,95.79729,1044.24963,1181.15552,75.99308,964.98041,911.05103,367.62955,499.51959,1035.48865,24.63888,567.34216,1176.37,283.30527,273.62402,819.40906,152.13615,154.38737,1125.29578
462,4.61,159.43364,1522.8562,1265.05322,132.2713,1722.89978,1033.24451,NA,NA,NA,44.17473,1593.1947,1199.40808,266.82928,1470.28625,975.3089,-31.81376,1472.59277,1116.86963,145.11827,1358.22583,1112.45532,60.74858,1458.15552,952.53125,405.91455,1136.51819,974.65491,-154.84991,1149.72852,1082.3291,484.9476,933.05426,1054.6886,-204.91518,904.36273,1106.66187,217.46617,1073.48291,1136.86865,96.03538,1045.11584,1188.9259,80.91407,966.26965,918.10895,380.6842,498.27408,1058.0896,20.19419,566.61005,1177.98999,298.98062,277.52496,840.50531,147.64127,153.36234,1127.44238
463,4.62,158.29987,1523.93164,1274.57178,134.08739,1724.29675,1042.54443,NA,NA,NA,43.4288,1594.5885,1207.31519,268.9743,1471.73743,985.90894,-30.63547,1472.99121,1123.69458,145.79137,1359.79895,1121.61743,63.6215,1458.88184,960.56219,407.5206,1137.40125,985.36377,-152.07236,1149.96033,1089.56848,480.17764,924.71313,1055.05542,-201.103,904.67993,1115.00452,217.88351,1074.26794,1146.26965,96.19453,1045.87683,1196.64587,86.22392,967.46082,925.87964,393.04895,496.99716,1083.42993,15.72456,565.53131,1175.78442,313.92706,280.37698,862.95685,142.55595,152.26358,1129.8053
464,4.63,156.64319,1524.85205,1284.08643,134.98592,1725.24109,1051.36133,NA,NA,NA,43.67604,1595.18652,1215.11719,271.66754,1472.77832,996.06592,-29.79829,1473.71484,1130.86816,146.5556,1360.08765,1129.67346,66.37605,1459.88147,968.96234,408.79047,1138.20544,996.28284,-149.37708,1150.02368,1096.61255,474.93069,915.88739,1055.01318,-197.65823,904.78467,1123.50879,218.53014,1075.5166,1156.69739,95.64486,1046.58972,1204.70532,91.81621,968.42908,933.26862,404.90869,500.83286,1108.64868,11.59232,564.3667,1174.34412,328.84579,282.90506,885.65247,137.11162,151.15929,1132.75061
465,4.64,155.2524,1525.97913,1293.06189,135.63757,1725.80676,1060.05554,NA,NA,NA,42.40614,1595.96484,1223.1012,274.35339,1473.52417,1006.43744,-28.99358,1474.36401,1138.00696,147.54021,1360.60779,1137.95459,68.98072,1460.55334,977.31134,410.01984,1139.21082,1006.69,-146.79861,1150.10559,1103.90869,469.6698,908.8645,1054.8573,-193.6944,904.77466,1132.3407,218.72836,1076.46631,1166.11719,95.06725,1046.95667,1212.43896,97.46428,968.58008,940.9599,415.66788,507.13135,1134.34668,6.94816,562.70581,1172.79834,343.06992,285.245,908.53217,132.19852,149.14264,1134.61963
466,4.65,154.83688,1527.80823,1304.8905,137.19652,1726.27563,1068.98218,NA,NA,NA,41.85029,1596.51709,1230.88196,276.15289,1473.68396,1016.61469,-28.51047,1474.62402,1145.12866,148.45511,1361.63745,1147.45728,72.07718,1461.08875,985.50012,410.80173,1138.23389,1016.6748,-143.9425,1149.83984,1111.02258,463.76898,902.61542,1053.47485,-190.33243,905.12836,1142.1698,218.39165,1076.88916,1176.35767,93.80445,1047.21277,1219.73315,102.80099,969.6936,947.81305,425.45511,514.66504,1158.47424,3.23353,560.99677,1170.81335,357.1727,286.50925,934.07397,125.97932,146.88278,1137.09338
467,4.66,153.23074,1528.98816,1313.92542,137.80185,1726.5863,1077.95215,NA,NA,NA,40.65811,1597.2699,1238.94788,278.90076,1474.77795,1028.28174,-27.72905,1475.46497,1151.78772,149.86096,1362.50232,1157.04126,75.2275,1461.48083,993.42059,411.72513,1136.39026,1025.99158,-141.53459,1149.76636,1118.52527,458.11737,896.84271,1052.56677,-186.31677,905.3222,1150.82739,218.07127,1077.25916,1188.03442,92.42062,1047.09229,1226.95337,109.01611,970.04626,955.50885,432.70096,521.99402,1182.89197,-0.46285,558.92761,1167.32556,371.1496,287.89847,959.71124,119.58581,144.45369,1140.07629
468,4.67,151.78453,1530.03796,1323.86902,138.29227,1727.39355,1086.66516,NA,NA,NA,40.13558,1597.61633,1247.15723,281.61163,1475.19348,1039.72266,-27.02192,1475.65613,1158.79468,150.55365,1362.69067,1166.15454,77.7448,1462.39771,1002.45929,412.15698,1134.39124,1034.38904,-138.85564,1149.61829,1126.0343,453.28702,892.5249,1051.64929,-183.14125,905.32507,1160.41748,217.79253,1077.27942,1197.01624,91.87821,1046.40552,1234.47705,115.04918,971.42999,961.98615,438.30872,527.97028,1207.56958,-3.71282,557.15436,1163.05469,383.42114,287.4736,984.59668,112.38478,142.27104,1142.37341
469,4.68,150.46919,1530.87671,1333.37341,139.40749,1727.37463,1095.55493,NA,NA,NA,39.22715,1598.22803,1255.44702,284.04645,1475.62915,1051.63342,-26.71724,1475.50134,1165.98767,151.46483,1362.6051,1175.03247,80.97653,1462.63574,1010.44861,412.1207,1132.88916,1042.57886,-136.65138,1149.39417,1133.198,447.82651,889.59064,1051.00684,-179.88226,905.16547,1169.74146,217.37979,1077.14624,1207.70593,90.09592,1046.15723,1241.23254,122.09199,972.18951,970.01697,442.85767,533.31598,1231.60254,-6.33848,555.33258,1159.41785,396.56375,286.32553,1011.68231,106.47385,137.85742,1146.44067
470,4.69,149.23863,1531.72998,1342.86182,140.44849,1727.51965,1104.6488,NA,NA,NA,38.22427,1598.45923,1263.60876,287.10822,1475.83057,1063.05627,-25.34297,1474.67358,1172.10132,151.9539,1362.90552,1184.35083,83.9834,1462.9668,1019.11133,412.20654,1131.48511,1049.74683,-134.16396,1148.95837,1140.65491,441.81644,887.34033,1050.55017,-176.381,905.16193,1178.69641,216.65623,1076.98181,1217.65845,89.60943,1045.43347,1248.25256,127.83025,973.08911,976.98975,445.19763,538.96954,1255.46326,-7.91331,553.68976,1155.95923,408.30405,284.87943,1039.87451,101.15232,134.1906,1150.82996
471,4.7,146.83829,1531.84644,1351.01978,141.39319,1727.21021,1113.79993,NA,NA,NA,37.95157,1598.51624,1271.70178,289.25253,1476.22693,1074.90088,-24.46902,1475.17224,1178.77893,153.17838,1363.88245,1195.37256,87.07337,1463.19324,1027.54297,412.263,1130.76575,1057.57239,-132.08376,1148.07825,1147.80347,435.29828,884.97833,1050.63806,-173.31883,905.16138,1188.14331,215.60069,1076.40503,1228.00574,87.89276,1045.61816,1254.79639,133.75073,973.93488,984.79852,446.55261,544.66406,1276.62183,-8.43192,552.72815,1151.42517,419.61911,282.38757,1069.09192,97.78154,130.03337,1156.33899
472,4.71,145.29758,1532.92419,1360.95386,142.53824,1727.26477,1123.10986,NA,NA,NA,36.76345,1598.29541,1280.12842,291.50244,1476.10339,1086.66382,-23.87973,1474.94458,1185.70984,152.74728,1363.6709,1204.24231,90.00925,1463.50879,1036.40881,411.5358,1129.52991,1064.60291,-130.23145,1147.99316,1155.44165,430.75671,884.23798,1052.18616,-170.0872,905.11517,1197.52039,214.9628,1076.04761,1239.47339,86.82246,1045.05896,1261.84656,139.72093,974.90051,991.93243,446.8884,550.65192,1297.5177,-8.5826,552.13953,1147.85046,430.38068,278.43866,1099.11987,94.9541,127.11529,1161.54907
473,4.72,143.53094,1532.72205,1370.76099,142.66179,1727.25549,1132.26526,NA,NA,NA,36.66222,1597.81738,1288.42566,294.60696,1476.19812,1099.93347,-23.2598,1474.69519,1192.06592,152.8546,1362.80396,1213.44641,92.68408,1463.9624,1045.37683,410.54483,1127.68469,1071.41016,-128.57774,1147.77979,1162.43262,425.92111,882.80621,1052.68396,-167.89706,904.6344,1206.94946,213.89256,1075.3717,1248.60095,85.3612,1044.95544,1268.30383,145.25891,975.51569,999.85187,446.47241,556.43622,1317.4801,-7.72988,551.39532,1144.4425,439.9129,273.2739,1128.61902,92.86296,125.12334,1165.56628
474,4.73,141.57513,1532.8125,1380.8551,142.88696,1727.08447,1142.59009,NA,NA,NA,35.17881,1597.88123,1297.08057,296.42285,1475.93469,1112.77783,-22.83321,1474.5625,1199.44006,153.23094,1362.40491,1223.24976,95.91898,1464.20227,1053.98828,409.05573,1126.8175,1076.77649,-127.02364,1147.06177,1169.46863,422.0787,882.37842,1054.46216,-165.2206,904.67297,1216.02026,212.65042,1075.08533,1259.43848,84.90871,1043.80835,1274.94153,150.67934,976.23615,1007.69421,443.23486,560.10358,1336.57715,-6.09679,550.65381,1140.97412,449.94119,268.15756,1159.91064,91.47875,123.83115,1169.93323
475,4.74,140.14912,1533.17407,1391.41516,144.54953,1726.36194,1152.36682,NA,NA,NA,34.42572,1597.7981,1305.771,298.43997,1475.22937,1125.59741,-22.57139,1473.97058,1206.54468,153.33215,1361.60791,1233.2489,98.4739,1464.44482,1063.25171,407.12399,1126.13794,1083.40491,-125.97465,1146.5282,1176.67932,418.37268,881.99268,1057.31055,-162.75868,903.99292,1224.8772,211.80481,1074.84485,1268.71228,82.94408,1043.38538,1282.63586,155.44608,976.74554,1016.06866,441.24878,564.33295,1354.60437,-4.39133,550.32239,1137.80896,455.63132,259.32437,1191.56079,90.30467,124.75114,1174.005
476,4.75,138.58124,1532.81714,1400.85107,144.62355,1726.34326,1161.86511,NA,NA,NA,33.88631,1597.29248,1314.59729,300.62848,1475.08923,1138.41431,-21.9797,1473.8136,1213.69641,153.05591,1360.8866,1243.62402,101.58105,1464.95532,1072.13989,404.7435,1125.13879,1090.06348,-124.67049,1145.90979,1183.81348,414.15292,881.06152,1057.90576,-160.19566,903.42078,1233.95789,210.63522,1074.78638,1278.28247,82.23327,1042.32813,1289.61462,160.93593,976.98022,1024.18884,438.79306,567.6156,1370.38245,-2.15845,549.90448,1135.1311,462.23987,252.04538,1223.03223,90.02664,124.6058,1175.96997
477,4.76,136.99594,1532.26123,1411.39758,145.24573,1726.78992,1172.64355,NA,NA,NA,32.85309,1596.57336,1323.56067,302.21616,1473.99207,1151.02917,-21.5824,1472.5426,1221,153.14731,1360.42493,1254.32458,104.00233,1465.1969,1080.65808,401.88535,1124.29114,1096.63623,-123.40401,1144.82642,1190.08899,412.76959,882.02948,1061.56909,-158.10329,902.94031,1242.63904,209.97859,1074.50574,1287.91528,81.70233,1040.95715,1296.76099,165.57787,976.78186,1032.26746,435.16385,569.25842,1385.19434,0.0969,549.57367,1132.88232,467.61185,244.78786,1255.92065,90.49598,125.06848,1178.64551
478,4.77,135.11157,1531.49011,1419.50269,146.01872,1725.98218,1182.98291,NA,NA,NA,32.06094,1595.84485,1332.44336,303.87183,1473.3634,1163.82239,-20.52257,1471.51147,1228.40637,152.79079,1359.66907,1264.51941,106.88493,1465.32019,1090.09326,399.57239,1123.99768,1103.8114,-122.51772,1144.27954,1196.65393,410.5192,881.19556,1064.49243,-155.88899,902.32745,1251.20679,209.46745,1073.95532,1296.58203,80.35114,1039.93225,1305.19373,169.16205,976.79956,1040.26563,432.38303,570.64227,1398.61169,2.78903,549.71533,1130.85193,473.54568,236.97452,1290.42542,89.85844,125.76619,1179.41541
479,4.78,133.22681,1530.55066,1430.3197,147.32529,1724.9679,1193.35938,NA,NA,NA,31.31634,1594.71338,1341.61743,305.45511,1472.89966,1176.06775,-21.61997,1471.12268,1237.26624,152.68008,1358.55579,1274.82288,108.89878,1464.66699,1099.86121,396.6315,1123.30518,1110.53809,-121.78152,1143.32227,1203.42407,409.22714,882.79517,1069.26257,-154.20044,901.9765,1259.8855,209.88281,1073.36682,1306.40369,80.39314,1038.87354,1312.72351,172.6745,976.7453,1049.1095,428.56256,570.53668,1411.68225,5.50787,549.91388,1129.19861,477.23157,229.02759,1323.92261,90.31242,125.42294,1179.03833
480,4.79,131.3649,1529.43518,1440.47742,147.91718,1724.02417,1203.95544,NA,NA,NA,30.16027,1593.26599,1347.97412,306.54938,1472.25635,1188.86658,-21.33137,1470.2019,1245.35376,152.54408,1357.79028,1285.19116,111.01273,1464.31274,1109.84155,394.63449,1123.12671,1118.14221,-121.30624,1142.16992,1209.62195,407.93594,883.1145,1072.86499,-152.25162,901.04083,1267.95264,210.2326,1073.07007,1315.6842,80.41896,1037.56628,1320.96838,175.65524,976.08496,1058.12793,424.6691,568.58771,1422.77173,8.03798,550.34644,1127.72131,479.07123,222.92336,1357.37585,90.14064,125.43446,1178.17468
481,4.8,129.64484,1528.40051,1451.1217,149.15544,1722.76575,1214.5144,253.69966,1635.4209,1320.8335,29.83545,1591.87268,1356.21167,307.21469,1471.53748,1200.34924,-21.47427,1468.83484,1254.05212,152.66331,1356.52527,1294.96851,112.92435,1463.39246,1119.7749,392.67905,1122.55627,1125.30139,-120.61427,1140.68909,1215.63879,406.89005,883.04333,1078.15552,-150.08719,900.0686,1276.00464,209.94572,1071.61084,1324.90186,80.33873,1036.42542,1329.7146,178.42207,975.70117,1067.35315,419.24222,564.62305,1432.08435,10.79594,550.52704,1126.44531,479.84445,218.53329,1389.81836,90.01772,124.7242,1177.11499
482,4.81,128.60136,1527.24915,1462.54053,149.84764,1721.70129,1225.0896,NA,NA,NA,28.56953,1591.03931,1366.59375,307.93616,1470.52417,1211.21533,-20.75384,1467.20422,1262.79382,152.01608,1355.38831,1305.24683,114.41161,1462.36597,1129.97314,391.00885,1122.44543,1134.04773,-120.69121,1139.49426,1221.86011,407.32059,884.58875,1083.98755,-148.54175,899.05817,1284.11768,210.21608,1070.84399,1335.22546,80.44116,1035.50293,1338.68005,180.85789,975.09912,1076.71619,414.1076,559.12811,1438.60657,13.02956,551.07666,1125.6333,480.18619,213.93306,1422.05176,90.17398,124.28934,1175.60071
483,4.82,126.29874,1525.27612,1472.00745,150.5083,1720.14734,1235.8042,253.04179,1632.9137,1344.45605,28.25564,1588.62683,1375.57385,308.44708,1469.73792,1223.28735,-20.83098,1465.66223,1272.02954,152.32555,1354.13538,1314.58813,115.53278,1461.02954,1140.66565,390.39432,1121.95837,1141.96631,-120.21429,1137.75403,1228.10742,407.96127,883.74268,1089.40869,-146.99962,898.17358,1291.61194,211.15797,1069.97388,1344.57373,82.54555,1033.04834,1345.63147,182.97935,973.87946,1086.87354,409.23328,552.30792,1443.96082,15.68013,551.24237,1125.69141,478.81836,209.23412,1454.83228,90.09151,122.88931,1173.24939
484,4.83,124.67754,1524.4657,1483.26184,151.11258,1718.86584,1246.30823,NA,NA,NA,27.64079,1587.01221,1384.73792,308.84189,1468.69312,1233.85217,-20.96158,1463.59888,1281.67908,152.12257,1352.24084,1324.83362,116.25326,1459.56311,1150.69519,390.22302,1121.75903,1149.95898,-120.08916,1135.90784,1234.55078,410.16348,885.1601,1098.37671,-145.14558,896.64325,1299.44226,211.81311,1067.62769,1354.12512,82.97482,1031.52527,1354.70789,184.7294,972.78558,1095.76904,403.96652,544.8006,1448.58313,17.7621,552.39478,1127.14661,478.42316,205.63434,1487.15442,90.50648,122.24309,1171.2135
485,4.84,122.83333,1522.39539,1492.703,152.23723,1717.302,1256.86938,NA,NA,NA,26.5785,1585.54016,1394.67944,308.97415,1467.39514,1245.31482,-20.77205,1461.35254,1291.36609,152.32794,1350.46802,1334.74988,117.06181,1458.54529,1161.5166,390.98386,1121.45764,1159.39526,-120.42423,1134.44141,1241.51941,412.06683,885.87445,1105.23816,-143.85809,894.85773,1307.05688,212.31836,1066.33484,1363.93323,83.60245,1029.67395,1364.07288,186.86171,970.99615,1106.20715,398.21561,538.05176,1453.33594,19.84221,552.84637,1129.55188,475.74704,200.69217,1516.09912,90.90287,121.38637,1168.07568
486,4.85,121.55752,1520.68579,1503.51038,153.46094,1714.96204,1267.50623,NA,NA,NA,25.9591,1584.33093,1404.14441,309.27789,1466.23889,1256.31311,-21.04246,1459.41724,1301.37439,152.25609,1348.5365,1344.46387,117.76312,1457.19971,1171.6676,392.34344,1120.8429,1168.58936,-120.19747,1132.13989,1248.07263,413.5806,884.88757,1113.33984,-142.42346,893.39636,1314.29724,213.43637,1065.1405,1373.9325,84.48103,1027.92505,1373.68652,188.513,969.43079,1115.64856,392.97879,529.28296,1455.09998,22.7965,553.07031,1133.15771,471.6698,197.69086,1545.85144,90.50501,121.27377,1165.02112
487,4.86,120.38628,1519.18188,1514.39624,152.66943,1713.41809,1278.16211,251.4223,1625.97583,1391.27185,25.09356,1582.59717,1414.28198,309.26093,1464.87952,1267.29785,-21.23257,1456.98962,1311.69836,152.05426,1346.28894,1354.87085,117.95364,1455.54688,1182.11682,394.08066,1120.12231,1177.96497,-120.18312,1130.05347,1254.78589,416.65231,885.40033,1122.2323,-140.99481,891.46844,1321.62683,214.57513,1063.02942,1384.26526,85.49785,1026.21387,1383.59521,189.45218,967.60541,1126.02588,387.45724,521.26654,1457.07056,25.54547,553.21826,1138.85864,467.90582,197.28352,1574.31104,90.15461,121.74187,1161.16797
488,4.87,118.65575,1516.875,1524.80737,153.58176,1711.53894,1288.72754,250.98077,1623.9574,1402.36206,24.74982,1580.54248,1424.25293,309.32834,1463.57446,1278.90747,-21.29414,1454.81006,1321.93652,152.57022,1344.08313,1364.34741,118.01467,1453.83191,1193.021,396.32751,1119.51587,1187.62732,-120.34167,1128.16394,1262.00439,419.73639,885.37433,1131.51099,-140.00406,889.02625,1329.19238,216.10826,1061.63147,1393.81018,86.68204,1024.21606,1393.76904,191.54318,965.14459,1136.93945,380.67648,514.0705,1458.06494,27.48258,553.23444,1144.44348,461.66858,199.13449,1600.2522,91.2188,121.04288,1157.26831
489,4.88,117.00726,1514.85217,1534.70337,154.17462,1709.60938,1299.3446,250.87207,1621.802,1412.58289,23.65102,1579.20618,1434.39612,309.18213,1462.14355,1289.91919,-21.50505,1452.08069,1332.51038,152.1685,1341.08374,1373.13916,118.12114,1451.98633,1202.89417,399.69955,1118.78296,1198.6311,-119.37956,1125.9679,1269.68884,422.7309,884.31525,1140.98535,-139.01781,886.4151,1336.59961,216.46025,1059.13513,1404.17908,87.97153,1022.28351,1404.09302,193.31073,962.57202,1147.43457,372.7468,508.06918,1459.20618,29.27848,552.81982,1151.10046,454.84152,205.37178,1624.78918,92.10855,122.09875,1154.75269
490,4.89,116.30264,1513.31616,1546.63574,154.82727,1707.41235,1309.97351,250.7709,1619.77307,1423.73621,23.62933,1576.7074,1443.81409,308.6106,1459.9657,1300.36938,-21.41277,1449.53503,1343.1864,152.19963,1339.09607,1383.06824,117.63222,1449.96643,1213.89355,402.41708,1117.41699,1208.72583,-119.52669,1123.63672,1277.86243,426.21213,883.05951,1150.87012,-137.21983,883.841,1343.15833,218.12291,1057.44604,1415.03369,89.11485,1020.33765,1414.73474,194.06551,960.80231,1157.88464,364.23969,503.26666,1463.78784,31.43488,552.26294,1159.42102,446.23746,213.84528,1642.53076,93.3808,121.77631,1150.50208
491,4.9,115.12897,1511.70203,1556.37549,NA,NA,NA,250.30605,1617.88245,1435.29272,22.40894,1575.73413,1454.58228,308.58124,1458.64624,1311.02502,-21.66772,1446.99268,1353.76208,151.77126,1337.14258,1394.1532,117.37208,1447.98755,1224.47668,405.80972,1116.92065,1219.62671,-119.03142,1121.43896,1285.8125,431.41159,882.59314,1162.93396,-136.22069,880.42609,1350.53076,219.32867,1055.62769,1425.81885,90.88327,1018.20142,1425.40784,194.24945,959.20758,1169.09619,355.28989,500.45709,1471.15027,33.11164,551.38605,1167.72168,437.95273,223.87613,1662.15283,94.16701,122.29208,1146.40869
492,4.91,113.95445,1509.84937,1566.79407,NA,NA,NA,249.57083,1616.04749,1446.396,22.47493,1574.02429,1464.21631,307.91498,1456.39063,1320.91846,-22.04463,1444.91699,1364.56921,152.58661,1334.92065,1405.13989,117.24337,1445.47888,1235.48022,408.8049,1115.98096,1231.43811,-118.76366,1119.50964,1294.60364,434.5202,880.4801,1171.42468,-135.27399,877.43713,1357.39136,220.99832,1053.88745,1436.93591,92.04889,1015.16522,1432.27112,195.45871,957.94257,1180.16846,346.21085,498.98486,1479.08521,34.38393,550.04724,1176.922,428.76099,236.08989,1683.62451,96.54676,123.36005,1142.96118
493,4.92,113.05663,1508.48621,1578.07227,NA,NA,NA,248.7267,1614.35571,1457.63745,21.44576,1572.63074,1474.67615,307.8147,1455.60266,1330.92395,-22.24765,1441.56165,1371.47449,152.49275,1333.33105,1415.48059,116.73988,1443.6897,1246.31384,411.98135,1114.96936,1242.50366,-119.27431,1117.11719,1302.94189,438.53079,879.25134,1183.70947,-134.21973,873.81696,1364.11377,221.5065,1052.33044,1448.34497,92.68389,1013.30408,1443.64612,195.77563,956.35577,1190.96521,337.47812,497.50739,1489.00891,35.02401,549.32874,1186.53235,420.35895,248.35564,1706.70447,97.80843,123.85453,1138.79163
494,4.93,111.4098,1507.39795,1588.9884,NA,NA,NA,248.44131,1612.4375,1467.88159,20.90689,1571.17432,1484.84595,307.37766,1454.16284,1342.8667,-22.57315,1439.60999,1382.15698,152.7431,1331.58411,1426.27405,116.38242,1441.52844,1257.09363,414.8869,1113.41418,1254.55664,-118.52897,1115.75598,1313.88928,442.39331,877.37439,1194.93958,-133.70171,870.34839,1371.04932,221.73859,1050.06177,1459.98584,93.53589,1011.06329,1454.02161,196.71236,954.58765,1202.82129,330.21692,497.14249,1499.15076,34.97599,548.15656,1196.82739,409.11987,257.19193,1722.5802,99.00812,124.90234,1135.12561
495,4.94,110.16433,1506.13782,1599.78955,NA,NA,NA,247.74391,1610.76318,1478.39331,20.15675,1569.67859,1494.46436,307.77426,1451.81238,1352.44092,-23.04346,1437.79321,1393.30286,152.37338,1329.86401,1437.39392,116.87849,1439.84924,1268.20544,417.41132,1112.30176,1266.42273,-118.42303,1113.89709,1323.49438,446.89127,876.7392,1208.72766,-133.49504,866.74927,1378.50793,222.12181,1047.9928,1471.00598,93.50624,1009.25598,1466.12463,197.59528,953.23486,1214.49683,324.23264,498.73862,1510.79749,35.26368,546.5072,1207.09058,400.91476,268.31219,1742.86621,100.2695,125.50629,1131.83215
496,4.95,109.25628,1505.20117,1609.74133,NA,NA,NA,247.37531,1609.31348,1488.74438,19.20886,1569.17444,1505.8064,307.8342,1451.09204,1364.39307,-22.86741,1436.41125,1404.17786,152.61737,1328.95984,1449.49243,116.79431,1438.60583,1279.30811,419.74005,1111.30176,1279.11023,-116.6916,1111.71899,1334.44751,450.49951,875.01581,1221.32056,-133.24706,863.62695,1385.52625,221.65393,1046.46362,1483.85339,93.36857,1007.48474,1477.78406,197.78986,952.53674,1226.22217,320.49142,498.90909,1523.87659,34.75166,544.24231,1217.29956,390.1087,274.91867,1755.51782,101.6066,126.88123,1128.62073
497,4.96,108.40878,1504.52356,1621.49243,NA,NA,NA,246.48039,1608.69824,1500.1947,19.12903,1568.41602,1515.32385,307.39999,1449.67932,1374.86621,-23.1401,1435.45337,1415.6925,152.73744,1327.84326,1459.64954,116.75549,1437.30542,1290.21179,422.12891,1109.96838,1292.01794,-115.87271,1110.42688,1346.74561,454.25967,873.4408,1234.66956,-132.3894,860.98889,1391.84546,221.63792,1045.17212,1495.58411,93.2382,1005.70612,1489.21545,197.64732,951.20905,1238.31177,317.41281,499.55161,1536.44275,35.03493,542.0354,1229.66882,379.61426,282.6445,1771.91748,102.63098,128.93393,1125.79749
498,4.97,106.86985,1503.68762,1631.30542,NA,NA,NA,246.00395,1607.16687,1510.62524,18.21356,1567.34875,1525.68054,307.88626,1448.54089,1386.34924,-22.92512,1434.73877,1426.46045,152.49249,1326.63452,1471.74463,116.68856,1435.98608,1301.33594,424.20343,1108.86072,1305.13879,-115.32889,1109.15259,1356.44983,457.82843,873.07635,1250.39368,-132.45464,858.24011,1398.71704,220.79454,1043.99829,1508.86816,92.3287,1004.98724,1501.04822,198.47606,950.12592,1250.98596,314.87796,499.10513,1549.54663,34.77687,540.02173,1241.74573,369.24896,291.38788,1790.30579,103.56773,131.72482,1122.64282
499,4.98,105.22255,1502.99805,1640.32202,NA,NA,NA,245.05208,1606.45154,1522.44873,16.93558,1566.87195,1536.49512,307.23312,1446.72876,1398.11133,-22.9765,1433.90649,1437.37244,151.9973,1325.62805,1482.99097,116.82416,1434.85022,1312.5675,426.11264,1108.27405,1318.97473,-113.64864,1108.2168,1369.35645,462.01172,871.22235,1264.92273,-132.30951,856.08997,1405.95752,219.12959,1043.22864,1521.604,91.25801,1003.63104,1513.05591,199.08905,948.67371,1263.92615,312.27252,497.73297,1561.73047,34.38218,537.53564,1254.10132,355.06857,296.9559,1804.62756,104.51283,134.71036,1120.3739
500,4.99,103.75761,1502.94568,1649.99353,NA,NA,NA,244.62323,1606.14307,1533.04736,16.71258,1565.30933,1544.40991,307.2045,1445.97986,1410.4541,-22.93706,1433.3584,1447.95618,152.17012,1325.29297,1494.72791,117.20176,1433.89319,1323.5293,427.19141,1107.0885,1332.60266,-113.0794,1107.13367,1381.3147,465.93567,870.8183,1279.75696,-132.19261,854.78375,1413.21301,217.30391,1043.08142,1535.67554,89.71297,1002.83069,1525.19287,199.75743,947.4494,1277.61584,310.49576,496.73972,1574.9021,33.73372,534.86633,1266.8573,341.29886,299.67554,1818.81311,103.76143,140.28114,1118.32764
501,5,101.99178,1503.25122,1661.03784,NA,NA,NA,243.75598,1605.81946,1544.18982,15.3906,1565.79102,1555.67139,307.40851,1444.98975,1422.84265,-22.89548,1433.51196,1458.48169,151.69678,1324.97205,1506.68091,118.18181,1432.92126,1334.44995,428.70108,1106.2533,1346.94629,-111.75745,1106.76953,1392.70959,469.38373,870.82727,1296.33313,-131.91354,853.06787,1420.61743,215.21391,1042.17151,1548.18738,87.20086,1002.75385,1537.66467,201.42592,947.04242,1291.85034,308.73645,494.14246,1586.60413,32.91262,532.33734,1279.62976,327.84503,302.37381,1832.59973,105.59088,144.76994,1116.94702
502,5.01,100.3259,1504.06177,1672.35217,NA,NA,NA,242.96033,1606.07117,1555.77295,13.8512,1566.26245,1566.92249,306.82318,1444.22778,1435.25098,-23.3879,1433.33704,1468.3761,151.1794,1325.11401,1518.90332,118.85593,1432.63855,1345.35071,430.00146,1105.3678,1361.3457,-110.96706,1105.84033,1404.34033,471.62393,869.57782,1308.79578,-132.04024,852.66364,1428.32996,212.17535,1041.81189,1562.4187,85.16267,1002.36066,1549.1676,202.8996,946.84753,1304.21387,307.7301,493.07587,1599.67419,32.02241,529.96643,1292.45447,312.60062,302.77197,1843.56104,107.20116,150.0929,1116.37292
503,5.02,98.39507,1504.25122,1682.37024,NA,NA,NA,241.72858,1607.10754,1567.27063,13.0301,1567.06177,1575.24854,307.28232,1444.13928,1448.24353,-23.88849,1433.89233,1478.27295,150.0137,1326.05994,1531.17773,119.26362,1432.14246,1356.80115,430.94214,1104.85681,1375.89148,-110.03453,1105.87561,1415.76355,475.06113,869.18927,1328.92639,-132.3692,852.81549,1436.74438,208.5191,1041.57788,1575.30164,82.23078,1002.37543,1560.7157,205.35425,947.36621,1317.62073,306.16992,490.89029,1612.66394,31.55433,528.20636,1305.65491,297.90921,301.49164,1855.7926,108.54632,157.4978,1117.15247
504,5.03,96.14358,1504.96985,1691.96692,NA,NA,NA,240.41582,1608.2926,1578.60022,11.7553,1567.38147,1584.61951,306.95377,1443.78845,1461.16138,-24.21871,1434.39087,1485.97009,148.24622,1326.82983,1543.42493,120.1917,1432.70825,1366.01355,432.18185,1104.11218,1391.60583,-109.23965,1106.72534,1425.776,477.98843,868.56396,1346.51331,-132.39804,852.46844,1444.78516,205.25996,1041.07373,1587.99902,79.536,1003.51239,1571.92627,207.46152,948.3764,1329.67114,304.98114,488.47873,1624.56604,31.63202,526.88062,1318.39404,284.50864,299.82428,1865.71191,489.76984,773.63464,1427.9248
505,5.04,93.80419,1506.43994,1703.5603,NA,NA,NA,238.85703,1609.12195,1590.11267,10.74837,1567.60278,1594.57471,305.82108,1443.56189,1474.02771,-25.81508,1435.27844,1495.70984,146.18593,1327.5343,1553.72095,120.59166,1432.91943,1377.24524,432.75635,1104.0625,1407.36182,-108.18909,1107.11047,1434.78528,480.67484,869.59662,1365.24316,-132.86421,853.36383,1453.47742,202.13121,1041.8158,1602.28784,76.3288,1004.21179,1582.99512,209.45534,949.25616,1343.49854,302.51056,489.2984,1637.68933,32.49947,526.3645,1332.64209,270.88043,295.4884,1874.43286,116.2233,172.99451,1122.547
506,5.05,91.59962,1507.50195,1711.91101,NA,NA,NA,237.33441,1609.66248,1600.6062,9.18504,1569.54651,1602.88647,304.77274,1444.4325,1486.47852,-26.82649,1436.93286,1504.34668,143.70667,1328.52942,1565.58533,120.61529,1433.23071,1386.72412,433.93127,1104.33228,1423.90259,-107.25531,1107.50989,1444.29639,484.14902,870.16132,1383.45105,-132.81923,854.36597,1461.4762,198.37082,1041.80249,1613.96948,73.62421,1005.01367,1593.70276,210.92697,950.3869,1356.5813,301.1492,492.27487,1653.55798,33.43634,526.15045,1346.66089,257.13412,290.51709,1882.49597,120.78552,182.46652,1127.71826
507,5.06,88.8487,1509.03699,1722.32019,NA,NA,NA,236.07381,1609.94531,1610.06543,7.04478,1570.2533,1612.42444,304.94089,1446.05164,1499.94153,-28.4439,1437.93652,1512.05664,141.23083,1329.54907,1576.26611,120.70261,1433.77136,1396.89319,434.9975,1105.65186,1440.89636,-106.54458,1108.44873,1453.93103,485.79684,870.87543,1401.27405,-133.31331,856.14319,1470.47839,195.13684,1042.63257,1626.47156,70.83819,1005.99969,1603.86292,212.65288,951.54346,1369.80042,298.85034,495.96521,1670.03027,35.29328,526.19342,1361.12305,245.07523,284.7587,1889.20959,124.32868,192.85425,1136.63733
508,5.07,86.34209,1510.07458,1731.39221,NA,NA,NA,NA,NA,NA,5.49414,1570.46936,1621.19226,302.33231,1446.70471,1512.32324,-29.81484,1439.4126,1520.23828,137.80675,1330.48291,1586.93396,120.49885,1434.22192,1407.1073,434.1243,1105.45654,1457.80249,-106.05769,1109.13623,1462.104,488.39853,872.01642,1421.22424,-133.98894,857.74036,1478.2478,192.51971,1044.28455,1636.42419,68.61667,1007.10724,1613.77551,213.03445,953.44196,1379.37256,296.57172,498.30197,1683.13794,37.2294,525.57507,1375.69897,230.77197,277.19946,1895.63318,525.16785,774.28094,1489.22363
509,5.08,83.21304,1511.83826,1741.12134,232.57884,1611.72937,1629.81494,NA,NA,NA,2.62234,1572.65625,1630.26941,300.33936,1447.57544,1524.08655,-31.34686,1440.4043,1527.71252,135.12346,1331.37976,1596.09204,NA,NA,NA,436.46054,1107.63147,1474.5094,-106.1199,1110.3042,1470.51514,490.49207,873.37219,1441.23364,-134.02304,858.84918,1486.59192,189.48898,1045.20544,1647.94653,66.40331,1007.76678,1623.38989,213.99902,953.82147,1392.55603,294.31329,500.24283,1697.78577,37.80262,524.73871,1391.24121,222.18985,267.30466,1899.4613,NA,NA,NA
510,5.09,79.90882,1513.11011,1749.49426,229.98376,1612.69946,1639.31189,NA,NA,NA,0.96649,1573.74695,1637.74854,298.32816,1448.3208,1535.25378,-33.2861,1441.76428,1535.22119,132.14839,1333.27661,1606.61743,NA,NA,NA,435.61584,1109.07434,1492.12891,-106.59834,1111.44629,1477.97253,491.83575,874.36517,1461.93115,-134.23921,860.18512,1497.13354,187.05727,1046.96436,1658.2417,64.26195,1008.98138,1633.50342,213.31259,954.29199,1403.68433,292.32312,503.2049,1714.88623,39.82166,523.88782,1406.40552,207.77669,255.83711,1899.21423,139.46571,219.79353,1173.09692
511,5.1,76.96597,1514.8114,1759.54138,228.24426,1613.50647,1649.12915,NA,NA,NA,-1.1408,1575.47363,1646.40417,296.32098,1449.91785,1546.95923,-34.91828,1442.64404,1541.97803,129.49748,1334.59912,1616.18738,NA,NA,NA,434.31619,1109.17297,1509.21851,-107.09867,1112.59583,1484.77161,493.19656,875.83875,1482.77612,-135.21422,861.3894,1505.09399,184.97836,1049.12207,1670.00391,61.99623,1010.24481,1643.24377,214.07739,954.85913,1415.26965,291.32889,503.96466,1729.76013,39.80903,523.47748,1422.72668,197.46338,244.31787,1902.30432,142.71397,229.46584,1189.19238
512,5.11,73.83378,1516.52136,1766.71008,NA,NA,NA,NA,NA,NA,-4.24119,1577.6925,1653.6239,293.82031,1451.45251,1558.58313,-37.1869,1444.12061,1548.49048,125.94831,1335.77515,1624.84924,NA,NA,NA,434.07462,1111.18762,1527.11865,-108.19349,1113.56189,1492.18811,495.04214,877.841,1505.08142,-135.77562,862.76984,1514.03015,182.83882,1050.86169,1680.94177,59.84326,1011.65808,1653.03101,213.66362,955.31702,1425.01685,287.88211,504.60031,1740.87537,40.23429,522.63464,1438.45105,187.88298,232.37112,1904.62292,142.26118,241.21356,1207.50757
513,5.12,70.19836,1517.73938,1774.7179,221.74796,1617.08313,1668.01306,NA,NA,NA,-7.35028,1579.75378,1663.22156,291.87753,1453.45239,1569.78662,-39.03561,1445.10107,1553.34509,122.78105,1338.57141,1635.20886,NA,NA,NA,434.18658,1112.94592,1544.19214,-109.7597,1114.5094,1498.15845,496.07336,878.91595,1528.12976,-136.77251,863.63831,1522.91248,180.78613,1052.40552,1690.22791,57.48906,1012.71088,1661.24512,213.62804,956.33966,1434.41406,286.76059,505.06842,1753.45801,39.82799,521.87067,1455.51514,179.77263,219.09106,1904.00891,137.0145,251.30037,1227.41943
514,5.13,66.76067,1520.44019,1783.68225,NA,NA,NA,NA,NA,NA,-9.8173,1581.59949,1670.7511,289.35114,1455.2854,1580.9137,-41.53521,1446.82239,1559.67346,119.69382,1340.39526,1643.17432,NA,NA,NA,432.93161,1114.88013,1562.39722,-110.94664,1115.61304,1504.83496,496.15744,881.38458,1550.3291,-137.13757,865.28162,1530.53235,178.33772,1054.15906,1700.6366,54.8649,1014.84106,1669.79443,214.41528,957.23822,1446.23547,284.90277,506.73651,1765.87244,41.08154,520.96686,1472.34485,172.49283,206.90517,1904.11279,130.0919,261.22275,1250.15881
515,5.14,62.9371,1522.5249,1792.02625,215.5253,1620.93884,1683.7356,NA,NA,NA,-14.06734,1584.07666,1679.25073,287.00809,1457.12659,1592.03662,-43.49183,1448.92737,1565.00635,115.26585,1343.19177,1652.20654,NA,NA,NA,431.87988,1117.39795,1580.86682,-112.32419,1116.94202,1509.79431,496.62146,883.46399,1572.65662,-138.10556,866.94293,1538.44678,174.98767,1056.50098,1710.17346,52.33102,1016.85986,1677.66382,214.64528,958.2782,1456.61951,282.44385,507.99881,1777.07837,41.11294,520.22784,1490.03271,167.32027,197.2968,1901.11353,121.92813,270.77124,1270.44238
516,5.15,58.75332,1524.47852,1799.83765,211.94006,1623.60278,1693.7113,NA,NA,NA,-17.36788,1585.66516,1685.7135,284.2421,1459.95544,1602.68933,-45.89059,1450.47864,1571.15454,111.85739,1345.15393,1660.14587,NA,NA,NA,430.70154,1119.64868,1599.26392,-113.79914,1118.82043,1515.38965,496.19885,886.06677,1597.98804,-138.45314,868.06995,1544.60217,171.36307,1058.71692,1720.21301,49.57331,1018.55255,1684.47339,214.95377,960.06946,1466.30176,276.69116,512.26239,1789.08435,40.18952,520.69019,1508.08215,163.69032,191.94731,1897.651,113.71855,280.45908,1290.48511
517,5.16,54.41053,1526.88342,1806.96094,NA,NA,NA,NA,NA,NA,-21.48895,1588.33972,1693.01611,281.7114,1462.4978,1613.94055,-49.05291,1452.52881,1578.02185,108.05935,1348.08667,1668.77393,NA,NA,NA,429.87244,1123.01477,1617.27148,-114.73846,1120.72437,1519.61047,495.52722,889.39355,1621.71069,-139.89369,870.83252,1550.43079,167.35551,1060.64722,1729.1637,45.37855,1021.43945,1692.70483,216.32739,962.63867,1477.37,270.8938,516.7724,1799.02942,38.01727,522.41266,1524.49255,162.85909,189.42967,1890.63879,104.91846,289.50156,1311.52917
518,5.17,50.15494,1528.98608,1813.90076,NA,NA,NA,NA,NA,NA,-24.42337,1589.62756,1698.35999,279.06161,1465.49243,1625.09888,-50.51987,1453.19934,1582.19788,104.22865,1351.23645,1677.03406,NA,NA,NA,426.98999,1126.52893,1636.36865,-115.48682,1123.13757,1523.69946,493.89182,893.40338,1646.03186,-141.12558,873.19849,1555.82458,163.03384,1063.26868,1737.18555,41.81218,1023.55084,1699.18396,216.73695,964.87469,1486.70337,266.35812,519.72748,1806.63599,36.31245,525.45825,1544.14893,162.40683,188.57031,1885.61438,97.23184,296.87628,1333.58533
519,5.18,45.51157,1531.11597,1821.30945,199.78223,1631.45288,1716.70923,NA,NA,NA,-29.10542,1592.13037,1706.25781,275.78467,1468.37817,1635.51001,NA,NA,NA,100.27736,1353.97998,1684.91223,NA,NA,NA,425.15405,1129.29211,1651.08704,-116.09032,1125.58716,1527.24097,492.59921,894.98901,1663.92908,-142.09822,875.1076,1560.93616,157.9003,1066.24976,1746.53796,37.01824,1026.53381,1707.29175,216.78845,967.35327,1496.82617,260.55542,523.21313,1815.08362,34.32157,529.22534,1563.9176,162.90132,188.14453,1879.34412,90.17406,305.26752,1355.81592
520,5.19,41.05903,1533.56348,1828.06067,194.94487,1635.34058,1726.59851,NA,NA,NA,-32.83519,1593.14392,1712.62024,272.59933,1471.07898,1645.83386,NA,NA,NA,96.86425,1355.67944,1691.22266,NA,NA,NA,421.47708,1133.88586,1670.45996,-116.85377,1127.61926,1530.12805,489.11877,900.2171,1690.30981,-142.93015,876.97955,1564.56995,153.59698,1069.33154,1754.79431,33.00316,1029.32837,1713.75183,217.35681,969.79053,1507.52893,255.62816,525.13538,1822.83008,31.59427,532.99127,1583.83264,164.44646,186.98244,1873.2666,83.9782,313.32166,1379.30566
521,5.2,35.92341,1536.1322,1835.67163,191.03716,1638.19519,1734.45435,NA,NA,NA,-37.18113,1595.50037,1719.33264,269.49692,1474.36426,1655.69104,NA,NA,NA,93.07942,1358.33081,1697.59851,NA,NA,NA,418.77081,1137.78162,1689.73438,-117.59171,1130.23914,1533.42236,486.69791,905.07776,1715.18579,-144.3159,879.02423,1568.34058,148.87589,1071.89771,1763.50281,28.49469,1032.578,1720.95166,217.49083,972.11505,1517.32654,251.06798,527.74054,1829.57727,29.27151,537.9339,1604.41187,164.51671,187.88884,1868.78503,77.65718,319.49005,1403.41052
522,5.21,31.06438,1538.20679,1842.18628,186.69154,1640.78662,1741.91382,NA,NA,NA,-41.42855,1597.58801,1725.68384,265.90091,1477.80176,1666.25293,NA,NA,NA,89.53018,1360.71204,1703.65454,NA,NA,NA,415.59781,1141.22522,1707.28088,-118.1441,1132.28394,1535.64539,482.93979,910.56415,1740.51038,-144.67752,881.20801,1570.09546,144.16612,1075.12988,1772.10547,25.08409,1034.99304,1726.71875,216.27213,974.96887,1527.0459,246.92747,529.54608,1835.31641,26.71314,543.37329,1624.41333,166.34122,186.83669,1863.69128,72.73051,325.38791,1427.16614
523,5.22,25.57069,1539.81665,1847.98523,181.74887,1643.65125,1749.74829,NA,NA,NA,-45.62573,1599.2865,1731.75232,262.78915,1480.50854,1676.69287,NA,NA,NA,85.54649,1363.56445,1710.41138,NA,NA,NA,411.74271,1146.828,1726.92651,-118.58212,1134.40442,1537.96118,478.31577,916.5816,1765.65759,-145.36443,883.06561,1574.27759,139.09302,1078.73425,1781.37231,20.55741,1038.46313,1734.47949,215.88423,977.10754,1535.85742,242.47839,531.33142,1841.62402,23.30782,548.87799,1646.0968,167.48747,185.96928,1859.2959,66.85686,330.68155,1451.34644
524,5.23,20.20643,1542.2478,1853.2793,176.60123,1646.49902,1757.70776,NA,NA,NA,-50.04619,1600.4856,1736.55908,258.88788,1483.85925,1687.12158,NA,NA,NA,82.11713,1365.33447,1716.68091,NA,NA,NA,407.70874,1151.57837,1744.6311,-118.99926,1136.00806,1540.35339,473.46704,922.88464,1791.25818,-146.17159,885.31152,1578.87537,135.69522,1081.06335,1788.46228,17.30768,1040.89453,1740.25391,214.09314,979.59814,1544.23401,239.31157,531.90247,1846.62158,19.7081,554.8772,1666.40991,169.14557,184.61211,1855.00916,62.38296,334.8331,1474.55872
525,5.24,14.57138,1544.6178,1860.82019,171.56979,1649.16431,1765.50439,NA,NA,NA,-54.5056,1601.25183,1740.71887,255.06015,1487.17712,1697.74695,NA,NA,NA,78.21949,1367.68909,1724.33154,NA,NA,NA,403.8161,1155.83362,1761.80896,-119.10237,1137.76038,1542.98938,468.2868,929.19733,1816.14539,-146.70529,886.48682,1581.59131,131.01654,1083.91394,1796.90906,13.07395,1044.30774,1747.34985,212.09686,981.29163,1553.73767,235.94029,531.57935,1850.94971,14.80662,559.78931,1685.9707,170.16487,183.72339,1851.56763,56.98271,338.7204,1498.22656
526,5.25,8.70401,1546.34729,1866.74121,166.50652,1651.31421,1773.21362,NA,NA,NA,-59.65508,1603.42126,1747.70288,251.15346,1489.74805,1708.25525,NA,NA,NA,74.7793,1370.02539,1731.35706,NA,NA,NA,399.54153,1160.87891,1780.75378,-119.3299,1138.78369,1544.95129,462.51212,935.59113,1841.25476,-147.05962,887.81042,1584.90503,126.84722,1086.3042,1804.8551,9.71827,1046.65039,1753.38342,210.49503,982.71716,1562.83215,232.88483,531.45313,1855.45667,9.65608,565.23334,1709.30017,171.68776,181.65302,1848.44897,52.8246,340.55502,1522.42981
527,5.26,2.45723,1548.32373,1872.14258,161.65335,1653.71411,1780.22278,NA,NA,NA,-63.51119,1604.62769,1752.58667,247.33606,1492.65466,1718.0675,NA,NA,NA,71.69273,1371.47778,1737.82556,NA,NA,NA,394.91876,1165.78638,1799.33606,-119.51157,1139.78821,1546.79822,456.52859,942.40283,1865.75171,-147.83546,888.40448,1588.56702,122.6909,1087.99646,1813.34534,5.4187,1049.22632,1761.22852,209.67357,984.28656,1571.24353,230.8109,530.76233,1857.6759,4.65921,572.41559,1729.6134,172.69551,179.89043,1846.25757,48.45889,341.05487,1546.23035
528,5.27,-3.322,1550.70166,1878.49377,155.80003,1655.86133,1788.64355,NA,NA,NA,-68.59927,1604.99377,1756.73083,243.98198,1495.00134,1728.06653,NA,NA,NA,67.78033,1373.65564,1745.6731,NA,NA,NA,390.08936,1169.92542,1816.7887,-119.51459,1140.67676,1548.53076,449.8313,949.19958,1890.00806,-148.43597,888.29913,1589.60522,117.80975,1090.75525,1822.29553,2.09696,1051.18787,1767.15173,207.09064,984.7088,1579.80469,228.70943,529.99634,1861.12817,-1.93329,580.68451,1747.78455,174.44614,177.06941,1843.00977,44.37863,340.58374,1570.10693
529,5.28,-10.30352,1552.22656,1884.02808,150.71695,1657.35547,1795.76001,NA,NA,NA,-73.26379,1606.74829,1761.67786,239.45453,1497.63696,1738.328,NA,NA,NA,64.58751,1374.69751,1751.91064,NA,NA,NA,385.20996,1174.55054,1834.44275,-119.41647,1141.42712,1549.92383,442.84378,955.89124,1914.10498,-148.74118,888.74207,1595.09009,115.06664,1090.83264,1828.73926,-1.78324,1052.58594,1773.84119,204.36313,986.13812,1588.04199,227.15747,528.57117,1863.44678,-9.09421,588.21655,1768.01245,175.49924,175.18942,1841.16052,39.84538,338.54861,1593.20007
530,5.29,-16.97612,1554.14722,1890.86108,145.13481,1658.91931,1803.4928,NA,NA,NA,-77.88421,1607.22754,1767.60437,235.52307,1499.15796,1748.6593,NA,NA,NA,60.79566,1375.78149,1759.10522,NA,NA,NA,380.97501,1178.42627,1851.34595,-119.32494,1142.02722,1549.77808,435.64322,962.14508,1938.21143,-147.63153,888.96698,1595.71997,109.67482,1092.51538,1838.11902,-5.54317,1054.20374,1780.09229,202.56111,986.89667,1596.30933,225.44444,528.56299,1866.53394,-16.47675,594.71899,1788.79675,175.96982,173.02899,1840.42273,35.65677,336.44363,1615.73901
531,5.3,-23.67866,1555.08911,1895.35254,139.4734,1660.25708,1811.86768,NA,NA,NA,-82.84953,1608.6936,1770.80078,231.48311,1500.849,1758.30627,NA,NA,NA,57.23321,1376.35205,1765.71008,NA,NA,NA,375.61328,1183.40002,1870.16003,-119.12253,1142.25977,1550.37317,428.56027,967.76697,1961.40625,-147.93736,889.25378,1600.14453,106.79285,1091.8385,1844.29053,-8.82477,1054.78247,1786.86731,199.53004,987.18604,1603.67578,224.89282,526.50623,1868.82751,-24.94968,603.72595,1802.49219,177.98503,169.61714,1837.8562,30.76261,331.72708,1639.20593
532,5.31,-30.83458,1555.85144,1901.1687,133.63838,1661.31506,1820.50171,NA,NA,NA,-87.27724,1608.48767,1775.75952,226.98009,1502.53564,1768.17688,NA,NA,NA,53.54409,1376.70789,1772.25305,NA,NA,NA,370.63031,1187.21533,1887.698,-119.01057,1141.97888,1551.65198,420.50089,974.27032,1984.8241,-147.85751,888.51978,1605.13416,101.45816,1092.65649,1854.29016,-12.305,1054.62878,1792.45447,196.51657,987.32501,1611.3269,225.05934,524.22943,1870.22461,-34.64624,609.31952,1812.43799,179.49748,167.64992,1836.57751,25.71485,326.66632,1661.03528
533,5.32,-37.82166,1556.58948,1907.7373,127.93189,1661.94934,1828.64966,NA,NA,NA,-92.29567,1608.20569,1781.09937,222.52327,1504.00476,1779.07532,NA,NA,NA,48.97359,1377.62292,1779.9375,NA,NA,NA,365.46237,1191.00671,1904.57434,NA,NA,NA,412.2016,980.96881,2008.37939,-148.49263,887.98364,1609.61328,97.99955,1091.70178,1861.55884,-16.25889,1055.30432,1800.12854,194.53493,987.85376,1618.91675,224.9863,522.41376,1872.44409,-45.52039,611.92651,1819.94617,181.43552,165.63315,1835.70679,20.94623,320.03445,1683.44946
534,5.33,-45.16031,1557.50122,1912.33447,121.82314,1663.09631,1837.36096,NA,NA,NA,NA,NA,NA,218.49419,1503.87878,1788.05054,NA,NA,NA,45.95124,1377.05847,1785.56848,NA,NA,NA,359.3924,1194.7655,1921.95203,NA,NA,NA,403.91281,986.69086,2030.35254,-148.97499,887.09167,1614.98645,93.91882,1090.91992,1868.63403,-19.80914,1054.56873,1805.89343,191.84424,987.48346,1627.48071,225.16405,520.55243,1873.85645,-54.43645,614.92328,1827.41907,182.94897,164.75888,1836.10071,15.98327,310.09879,1707.1311
535,5.34,-52.47804,1557.44763,1917.245,115.78631,1662.77185,1845.4447,NA,NA,NA,NA,NA,NA,213.43564,1504.89856,1798.36938,NA,NA,NA,41.02331,1377.297,1793.9989,NA,NA,NA,353.34979,1198.4425,1939.11047,NA,NA,NA,395.47482,992.29694,2052.09717,-149.74873,886.2016,1620.23596,89.8405,1089.69153,1876.20703,-23.47185,1054.4834,1812.81787,189.04454,987.86053,1636.12939,226.6647,517.21838,1874.32593,-63.57599,615.57428,1836.24487,185.58978,162.57521,1834.73987,10.47211,301.08923,1728.43958
536,5.35,-59.70443,1557.55847,1923.62927,110.22543,1662.67114,1852.86316,NA,NA,NA,NA,NA,NA,208.52991,1505.25415,1808.91541,NA,NA,NA,37.68196,1375.92554,1800.04016,NA,NA,NA,347.09329,1201.15894,1955.64856,NA,NA,NA,386.04535,997.82465,2073.91724,-150.73967,885.34735,1625.18994,85.143,1089.08752,1884.35693,-27.94526,1054.05396,1819.87878,187.07555,987.80933,1642.95581,227.58733,516.31195,1876.53613,-72.65957,616.96747,1842.38135,187.21751,161.89131,1835.46411,2.82339,290.33054,1750.46069
537,5.36,-66.76158,1557.13403,1928.34949,103.42181,1662.27625,1861.2627,NA,NA,NA,NA,NA,NA,204.16753,1505.08142,1819.01697,NA,NA,NA,32.73587,1375.77942,1808.73413,NA,NA,NA,340.40717,1204.38367,1972.14587,NA,NA,NA,376.9668,1003.12952,2094.34399,-151.44376,883.95337,1631.71252,81.04553,1087.58594,1890.62048,-31.44817,1052.69202,1824.86182,184.32339,987.50269,1652.21716,228.42781,514.21167,1877.66479,-80.87737,618.05438,1848.33069,188.90002,160.53049,1836.51343,-4.49101,277.61197,1771.57397
538,5.37,-74.72369,1556.35156,1933.62256,96.87693,1662.10474,1870.35095,NA,NA,NA,NA,NA,NA,199.10094,1504.58472,1828.22791,NA,NA,NA,28.97934,1374.5708,1814.79187,NA,NA,NA,333.56229,1206.77271,1987.47583,NA,NA,NA,367.39334,1008.30042,2115.19165,-152.67671,882.38751,1637.3335,75.62419,1086.6073,1899.03528,-35.62292,1051.86121,1830.85083,182.32675,987.03796,1660.68665,230.255,510.86258,1877.39001,-88.20038,618.09119,1854.44019,191.08641,158.49963,1834.98767,-15.08027,263.97125,1794.03882
539,5.38,-82.25496,1555.23389,1938.24829,90.63512,1661.45129,1879.22656,NA,NA,NA,NA,NA,NA,194.37637,1504.09778,1837.01794,NA,NA,NA,24.51354,1373.93555,1822.03442,NA,NA,NA,326.48318,1209.01636,2003.83301,NA,NA,NA,357.83902,1013.24854,2134.98389,-154.6992,880.06836,1642.34888,70.43652,1085.57031,1906.6394,-40.74146,1050.6814,1837.91309,179.35248,987.45667,1668.5658,231.45345,510.05954,1879.46936,-94.8121,618.54297,1863.39612,192.58533,157.6207,1837.04224,-31.24678,253.59856,1814.95898
540,5.39,-89.70222,1554.49243,1944.20374,83.64346,1661.02405,1889.7428,54.10726,1732.61902,1730.15967,NA,NA,NA,189.54955,1503.64673,1847.60461,NA,NA,NA,20.18453,1373.22009,1829.25061,NA,NA,NA,319.18304,1211.92322,2020.19153,NA,NA,NA,347.80502,1017.88727,2154.19629,-154.85669,879.70978,1648.66541,64.94506,1083.6062,1913.90686,-45.09906,1049.67554,1843.43652,177.19255,986.09845,1677.41699,233.22084,507.03699,1880.75671,-100.99826,619.26355,1866.69055,194.21584,156.44817,1837.56836,-48.5652,242.71747,1835.76135
541,5.4,-97.10619,1552.80603,1949.74158,77.44664,1659.93127,1897.55457,NA,NA,NA,NA,NA,NA,184.20821,1503.04358,1857.76794,NA,NA,NA,15.50822,1371.77246,1836.77722,NA,NA,NA,311.3851,1213.5199,2034.1853,NA,NA,NA,338.15012,1021.88,2172.02905,-156.58466,878.47467,1655.82434,59.90237,1082.34631,1919.96338,-49.87742,1049.09631,1849.43481,173.65973,985.77063,1685.41492,234.13513,505.36371,1882.25916,-106.41911,618.88159,1871.78027,195.09669,155.68457,1839.25842,-66.15208,231.75984,1860.14099
542,5.41,-104.54918,1551.26331,1954.62427,70.47263,1658.57544,1905.33972,NA,NA,NA,NA,NA,NA,178.94655,1501.66821,1867.09766,NA,NA,NA,11.37646,1369.90442,1843.65198,NA,NA,NA,304.19763,1215.95923,2049.83838,NA,NA,NA,327.57965,1026.17371,2190.32007,-158.08023,877.18988,1661.67542,54.03038,1080.95569,1927.26746,-54.79541,1048.19226,1855.74353,171.44942,984.51483,1694.69287,236.25299,503.83105,1883.55237,-110.89657,616.76361,1877.02319,195.80696,154.05203,1840.88745,-84.43056,219.50607,1883.14307
543,5.42,-112.06604,1549.49158,1959.11328,63.61782,1656.98743,1913.8429,NA,NA,NA,NA,NA,NA,173.54581,1500.96594,1876.30347,NA,NA,NA,6.93903,1368.823,1850.57874,NA,NA,NA,295.76431,1217.34387,2063.62036,NA,NA,NA,317.18546,1029.72095,2207.38135,-159.43912,875.79565,1667.14563,48.07528,1080.01794,1934.9635,-59.64129,1046.86975,1860.38403,168.067,984.55511,1701.79395,237.59468,502.18146,1885.77332,-115.09453,614.28882,1880.73572,196.41339,153.70393,1842.0459,-102.65842,208.24762,1906.80151
544,5.43,-119.53682,1547.36621,1964.3114,57.03417,1655.87085,1923.3855,NA,NA,NA,NA,NA,NA,167.84547,1499.62878,1885.69409,NA,NA,NA,1.96457,1367.01721,1858.88464,NA,NA,NA,286.87079,1218.65454,2077.70215,NA,NA,NA,306.68793,1033.68298,2224.64551,-161.40576,874.25671,1672.40198,42.12384,1078.9856,1942.6665,-65.21751,1046.07947,1867.78687,164.87219,982.7829,1711.29578,239.34833,500.5495,1886.85583,-119.16061,610.82831,1882.45422,196.43253,152.94528,1844.18311,-122.71258,198.51173,1928.94873
545,5.44,-126.46351,1545.60583,1969.29907,50.1246,1654.88037,1931.98987,NA,NA,NA,NA,NA,NA,162.95872,1498.26563,1893.82434,NA,NA,NA,-2.39544,1365.91858,1865.74109,NA,NA,NA,278.44406,1220.29333,2092.29541,NA,NA,NA,296.00824,1036.7229,2240.30396,-163.34129,872.62561,1677.79102,36.7747,1077.52686,1949.18225,-69.86736,1044.59155,1873.5675,161.27443,981.55975,1718.76392,241.13896,499.96188,1890.24829,-123.46406,606.89343,1883.37561,196.46346,151.96274,1845.9325,-141.67372,189.65274,1950.56494
546,5.45,-133.86952,1543.54382,1974.94714,42.94046,1652.91272,1939.54248,31.20602,1723.48828,1782.00793,NA,NA,NA,157.42291,1496.4325,1902.87122,NA,NA,NA,-7.173,1363.81287,1873.53064,NA,NA,NA,270.26126,1221.24341,2105.51025,NA,NA,NA,285.29779,1039.38464,2255.25977,-164.97705,870.30664,1684.48413,31.38648,1075.24146,1956.15039,-75.06547,1043.5979,1879.9397,157.42108,979.40875,1728.46387,242.30022,498.22372,1892.82507,-127.64494,601.72308,1882.6261,196.6846,150.87494,1847.50452,-161.04778,181.34091,1972.95056
547,5.46,-141.31192,1541.61255,1980.03088,36.17353,1651.10083,1948.45215,NA,NA,NA,NA,NA,NA,151.87474,1494.74976,1911.77588,NA,NA,NA,-12.65201,1362.80518,1882.12817,NA,NA,NA,261.86197,1221.72522,2117.89941,NA,NA,NA,274.64026,1041.99695,2269.96973,-167.04382,868.53949,1689.61926,26.30769,1073.84338,1962.50146,-80.50036,1042.06934,1887.25037,153.15198,977.53198,1737.85413,244.72829,497.53262,1895.53894,-130.61862,595.03601,1883.53394,196.47438,150.39993,1849.00562,-179.39276,175.67467,1997.06433
548,5.47,-148.17618,1539.4281,1984.50513,29.34158,1649.6554,1957.28772,NA,NA,NA,NA,NA,NA,146.89668,1493.1228,1919.4895,NA,NA,NA,-17.03131,1360.20496,1889.17847,NA,NA,NA,253.34581,1222.06506,2129.86523,NA,NA,NA,264.29855,1044.1969,2283.39746,-169.39883,866.33356,1694.53088,20.33381,1072.57227,1971.14539,-85.42877,1040.32092,1894.08142,148.57118,975.53699,1745.39832,245.83408,496.37488,1897.94238,-132.90456,587.37665,1885.48315,193.93968,150.8295,1854.2146,-196.67418,174.02147,2018.27905
549,5.48,-155.6335,1537.54883,1990.31067,22.3029,1648.02527,1964.71643,18.49102,1718.42786,1807.01147,NA,NA,NA,141.11121,1490.96753,1928.66797,NA,NA,NA,-21.94276,1358.21582,1896.35962,NA,NA,NA,244.98364,1221.86169,2141.07666,NA,NA,NA,253.55186,1046.1377,2296.76367,-171.42426,863.82941,1700.84314,15.24675,1070.84387,1979.28467,-90.25713,1038.15601,1901.50708,143.69618,973.44653,1753.35461,247.2637,495.05255,1901.43384,-134.85495,579.78717,1887.65479,194.29732,149.79684,1855.42651,-213.9855,176.41855,2036.15417
550,5.49,-162.78905,1536.23889,1995.78955,15.5145,1646.52637,1972.41809,13.42387,1717.44543,1815.54602,NA,NA,NA,136.00374,1489.64331,1936.21313,NA,NA,NA,-27.11039,1356.12769,1903.91711,NA,NA,NA,236.19914,1221.21814,2151.9751,NA,NA,NA,242.82277,1047.90125,2309.83252,-173.82848,861.92657,1704.67029,10.83381,1068.61096,1986.58679,-95.54073,1036.42883,1910.35669,138.31227,972.70844,1760.28467,249.92068,495.6134,1907.31763,-136.11337,571.57733,1884.71375,194.39719,149.28021,1855.97534,-230.93324,182.79388,2050.70386
551,5.5,-169.9911,1534.85742,2001.16602,8.92434,1645.42493,1981.73938,9.35672,1715.1991,1822.19604,NA,NA,NA,130.3528,1487.93335,1944.9314,NA,NA,NA,-32.63486,1354.42126,1911.4989,NA,NA,NA,227.2764,1220.3479,2161.57251,NA,NA,NA,232.10655,1049.55957,2322.57349,-175.64201,858.99115,1710.04456,5.88719,1066.96985,1994.70789,-100.89642,1034.86023,1919.0542,132.7408,970.34863,1769.25195,248.83205,494.77399,1909.89929,-138.01723,568.03912,1887.6864,194.74278,148.22708,1857.18518,-247.17651,190.10942,2064.82153
552,5.51,-177.17776,1533.61584,2006.58398,1.71413,1643.71265,1988.92859,NA,NA,NA,NA,NA,NA,125.09788,1486.17114,1952.9635,NA,NA,NA,-38.45438,1353.23035,1919.41577,NA,NA,NA,218.4258,1219.66333,2171.81714,NA,NA,NA,220.77589,1050.4126,2332.83032,-178.08228,856.87628,1714.33826,0.58835,1064.69434,2003.57849,-106.33334,1033.12012,1927.54053,125.99432,968.32135,1776.77954,247.70169,494.95773,1914.8877,-139.31624,565.17834,1894.08557,193.86287,146.73587,1859.0863,-261.27554,199.01743,2078.15674
553,5.52,-184.34827,1532.22742,2011.52954,-5.00888,1642.0885,1996.77185,0.39487,1711.83167,1839.86682,NA,NA,NA,119.60922,1485.05261,1960.93909,NA,NA,NA,-43.56761,1350.98975,1926.60852,NA,NA,NA,209.9762,1218.50513,2181.47266,NA,NA,NA,210.00728,1051.77698,2344.15259,-180.61183,854.76196,1719.2937,-4.31666,1062.42041,2011.4436,-111.90176,1031.47083,1936.42444,119.86703,965.51923,1785.3501,246.20427,495.03162,1917.69067,-141.89185,564.43665,1897.40784,192.95813,145.5773,1859.95227,-274.4783,206.35175,2095.89209
554,5.53,-191.64445,1531.94995,2017.46558,-11.61199,1641.19336,2004.72363,-4.08212,1710.29333,1845.39734,NA,NA,NA,113.68861,1483.27844,1969.84961,NA,NA,NA,-49.54946,1350.37292,1935.54553,NA,NA,NA,201.28702,1216.89844,2189.77344,NA,NA,NA,198.62543,1052.14807,2352.79077,-183.33211,852.18616,1723.67676,-10.39999,1060.70251,2020.54016,-117.8558,1030.31287,1944.62988,112.07115,964.77118,1790.37708,243.31129,494.74875,1922.82983,-144.79051,564.83685,1903.11511,192.42615,144.84055,1861.4104,-284.89081,212.81363,2109.29199
555,5.54,-198.69749,1531.40527,2022.60327,-18.68589,1639.95593,2011.17041,NA,NA,NA,NA,NA,NA,108.35033,1481.84534,1977.54346,NA,NA,NA,-54.64193,1348.77637,1943.3844,NA,NA,NA,192.77174,1215.49109,2198.79224,NA,NA,NA,187.52321,1052.20276,2362.74292,-185.89439,849.12506,1727.0603,-16.23225,1059.0426,2029.63306,-123.71415,1028.34119,1951.99841,105.58247,962.66333,1800.97754,238.64749,494.75983,1927.66797,-147.93875,564.83099,1911.2738,192.8511,143.61449,1860.76282,-297.59586,222.20479,2117.18042
556,5.55,-206.21086,1531.12488,2028.61316,-25.46038,1639.08582,2019.57129,-13.69211,1707.45203,1861.31433,NA,NA,NA,102.51905,1480.29199,1985.83752,NA,NA,NA,-60.87521,1347.85461,1951.02026,NA,NA,NA,184.32671,1213.10779,2205.74072,NA,NA,NA,176.68474,1052.03113,2371.55151,-189.41304,847.08618,1731.6853,-22.1908,1057.36523,2038.41833,-129.97899,1027.41199,1960.58557,98.11702,960.67114,1809.19031,233.41409,494.27435,1933.46375,-151.4151,564.42554,1920.47644,192.4115,142.38974,1861.7688,-307.91577,228.22604,2132.08569
557,5.56,-213.01042,1530.81958,2033.55078,-32.02778,1637.84082,2026.02771,-18.64618,1706.01123,1868.12219,NA,NA,NA,96.45828,1479.35522,1993.84192,NA,NA,NA,-67.3797,1346.17139,1958.20459,NA,NA,NA,176.20868,1211.21655,2213.74487,NA,NA,NA,165.32848,1051.44971,2380.0105,-192.71405,845.37445,1735.60291,-29.05161,1056.49792,2046.328,-136.86523,1027.47266,1970.05701,90.49367,959.42401,1816.81824,227.12578,493.54813,1939.30444,-155.88049,564.54883,1930.39368,191.94736,141.71318,1863.16858,-317.94766,234.39484,2145.17603
558,5.57,-220.33592,1530.60754,2039.19104,-38.52856,1636.94556,2032.54016,NA,NA,NA,NA,NA,NA,90.14665,1478.23364,2000.70935,NA,NA,NA,-73.63227,1345.31543,1966.42749,NA,NA,NA,167.44075,1208.73938,2220.29907,NA,NA,NA,153.75395,1051.15686,2388.03687,-196.55,844.61871,1741.15039,-36.18262,1055.13696,2054.25317,-143.62735,1026.13818,1977.40613,82.88527,956.90802,1826.71814,219.67419,493.30493,1947.12268,-160.62379,564.08484,1939.29492,190.04918,142.27673,1867.01013,-328.81339,241.00288,2156.20142
559,5.58,-227.29073,1530.41553,2044.3822,-44.72863,1636.03613,2039.7522,-27.55873,1702.5896,1881.41687,NA,NA,NA,83.65998,1477.26563,2008.01282,NA,NA,NA,-80.06334,1344.34375,1974.43188,NA,NA,NA,158.95209,1206.68323,2228.1792,NA,NA,NA,142.72191,1050.04248,2395.12378,-200.20081,842.88666,1745.83435,-43.38381,1054.849,2064.28345,-151.09161,1026.90112,1986.41968,74.95883,954.797,1835.02319,212.50668,491.85684,1953.91956,NA,NA,NA,188.82997,141.51129,1869.22302,-336.89316,244.31226,2167.16895
560,5.59,-234.51588,1530.83594,2050.26416,-51.33054,1635.05969,2045.65796,-32.61597,1701.48511,1888.70972,NA,NA,NA,77.73669,1475.521,2015.95032,NA,NA,NA,-86.77262,1343.37915,1980.39465,NA,NA,NA,150.11125,1204.49536,2235.17017,NA,NA,NA,131.72922,1048.56323,2401.26636,-204.50841,841.73871,1750.55273,-51.0465,1054.37085,2072.46094,-159.02831,1027.07874,1996.03833,67.60106,953.32452,1844.27173,202.86514,489.48383,1960.83691,-172.79878,562.48163,1960.80432,188.0872,140.42133,1871.75439,-346.28671,246.25783,2174.46802
561,5.6,-241.16571,1530.93384,2054.979,-57.51641,1634.37598,2052.8501,NA,NA,NA,NA,NA,NA,71.72211,1474.73547,2022.8667,NA,NA,NA,-94.09032,1343.58752,1990.61377,NA,NA,NA,141.67522,1202.16077,2241.30127,NA,NA,NA,121.32225,1045.86084,2406.35229,-208.90678,840.52216,1756.44934,-58.99403,1053.75891,2081.44141,-166.68651,1026.49341,2004.21851,59.8974,951.50055,1855.44165,192.01176,489.06717,1969.68628,-179.60281,561.6698,1970.75793,185.89145,140.9601,1876.49243,-350.49289,245.18971,2183.08862
562,5.61,-248.68088,1532.12402,2060.60913,-64.09168,1633.95776,2058.35132,-42.0456,1699.20581,1900.80908,NA,NA,NA,65.56302,1473.80798,2028.99194,NA,NA,NA,-100.69735,1342.72571,1996.81848,NA,NA,NA,133.81653,1199.27124,2247.19507,NA,NA,NA,110.13013,1043.57959,2411.8457,-213.28076,838.11292,1763.57312,-66.47348,1054.13928,2091.25732,-174.69835,1026.68921,2014.21997,51.69324,950.48022,1863.79419,180.80769,486.46979,1977.9707,-186.92743,560.94281,1981.29407,185.2317,140.05519,1879.21619,-355.21655,243.49553,2191.97729
563,5.62,-255.22881,1532.39258,2065.39331,-70.48885,1634.22021,2065.0105,NA,NA,NA,NA,NA,NA,59.89594,1472.77356,2035.94751,NA,NA,NA,-107.23209,1343.09241,2004.13672,NA,NA,NA,125.63243,1196.73572,2253.21533,NA,NA,NA,99.63724,1040.45837,2416.23096,-218.17345,837.19714,1768.60974,-74.33721,1053.87805,2099.62891,-182.76939,1025.70325,2023.09119,43.99698,949.66803,1870.99951,170.02921,485.88818,1988.87561,-194.95239,561.20825,1989.36865,182.68285,141.16675,1884.11523,-361.58121,242.27992,2203.91113
564,5.63,-262.59512,1534.19519,2071.0979,-77.14508,1633.96619,2070.27246,NA,NA,NA,NA,NA,NA,53.85301,1473.24207,2044.09131,NA,NA,NA,-113.58702,1343.87158,2012.4231,NA,NA,NA,117.43748,1194.45032,2257.76147,NA,NA,NA,88.90364,1038.00098,2421.53198,-223.41055,836.80688,1772.37927,-82.02287,1053.59668,2109.18237,-192.12187,1030.53271,2038.82703,35.66343,949.12933,1880.18066,157.89616,485.00717,2000.32031,-203.02133,561.56219,1999.37683,180.96602,141.81151,1889.37988,-365.6412,239.97154,2212.95361
565,5.64,-269.18661,1534.81421,2075.54102,-83.6208,1634.72546,2076.94531,NA,NA,NA,NA,NA,NA,47.73139,1473.39331,2050.96973,NA,NA,NA,-120.07475,1343.89258,2018.73303,NA,NA,NA,109.27381,1191.79285,2262.15601,NA,NA,NA,78.39053,1034.86426,2423.83374,-228.40855,835.82806,1778.72925,-88.99036,1054.1095,2118.04688,-198.63216,1029.974,2046.60474,27.28025,948.59851,1889.41919,145.17764,483.29172,2011.18506,NA,NA,NA,179.03769,142.49127,1893.91919,-369.77972,237.06143,2221.27539
566,5.65,-276.41138,1536.51978,2080.69214,-90.16941,1634.31299,2082.15552,NA,NA,NA,NA,NA,NA,41.4133,1473.55969,2057.25977,NA,NA,NA,-126.34448,1344.65942,2026.72607,NA,NA,NA,101.13094,1189.03552,2266.76782,NA,NA,NA,67.52054,1032.63281,2428.40991,-233.93411,835.93036,1783.29382,-96.60003,1053.01172,2125.81226,-205.00119,1029.70117,2054.6748,19.95165,948.83154,1897.1593,131.92422,482.08163,2022.29688,-222.32367,565.64148,2019.88513,176.20787,144.11046,1900.64111,-372.94446,233.64633,2227.94946
567,5.66,-283.45062,1537.22742,2085.38672,-95.98832,1634.14136,2087.92627,NA,NA,NA,NA,NA,NA,35.12299,1474.13403,2065.0564,NA,NA,NA,-132.57053,1344.83093,2034.7395,NA,NA,NA,92.91036,1186.71313,2271.15698,NA,NA,NA,57.2007,1028.01978,2429.69556,-240.12161,836.35211,1789.2179,-104.24245,1053.66492,2135.29004,-211.43108,1029.47266,2060.40625,12.54479,948.78021,1905.02148,118.09425,480.52826,2034.4397,-232.40411,568.61346,2031.01196,173.71574,145.8434,1907.55811,-374.95514,229.4991,2233.29468
568,5.67,-290.34183,1538.54443,2090.2439,-102.69733,1633.65918,2093.57104,NA,NA,NA,NA,NA,NA,28.91209,1475.17529,2073.33105,NA,NA,NA,-139.20599,1345.84375,2040.99622,NA,NA,NA,85.82097,1183.14771,2274.05957,NA,NA,NA,47.21072,1024.83789,2431.93457,-246.60706,836.69946,1797.4104,-112.24577,1053.84973,2142.56885,-217.71933,1030.39148,2066.28931,6.23248,948.46857,1911.96375,105.20611,478.10553,2045.34717,-243.21245,572.46478,2041.52356,170.84645,147.47989,1914.73071,-376.25867,225.38132,2237.97949
569,5.68,-296.93307,1539.43848,2094.92139,-108.42103,1633.39868,2099.16333,NA,NA,NA,NA,NA,NA,22.44279,1475.42676,2080.86084,NA,NA,NA,-145.286,1346.09875,2048.44629,NA,NA,NA,77.40374,1180.44653,2278.76318,NA,NA,NA,36.72551,1020.77612,2433.37524,-253.47911,836.85028,1801.98474,-119.38311,1053.69421,2150.56958,-224.29451,1031.11902,2071.41748,-0.11381,948.67859,1920.48499,93.76868,476.80011,2060.2583,-253.90776,577.11255,2050.00317,167.16359,149.95303,1923.23535,-378.18976,220.35994,2242.27148
570,5.69,-304.00784,1540.71313,2099.93457,-114.88447,1632.81274,2104.4519,NA,NA,NA,NA,NA,NA,15.8092,1475.58911,2088.14868,NA,NA,NA,-151.37489,1346.47986,2054.52075,NA,NA,NA,69.87912,1177.34485,2282.35059,NA,NA,NA,26.83743,1015.97168,2434.61353,-261.02054,838.5567,1808.11816,-127.369,1053.2948,2156.48071,-230.77167,1031.84021,2075.30859,-6.04991,948.35352,1929.04309,81.49641,479.34088,2076.41919,-264.85431,580.62463,2057.89404,163.27223,153.63419,1932.99683,-379.76303,215.71198,2246.69165
571,5.7,-310.68381,1541.35107,2103.69849,-121.3811,1633.09692,2110.87988,NA,NA,NA,NA,NA,NA,9.1031,1476.62146,2096.50098,NA,NA,NA,-157.69568,1346.63611,2060.98975,NA,NA,NA,61.40869,1174.92517,2287.23242,NA,NA,NA,17.10979,1011.78937,2435.89258,-268.52377,839.20062,1814.85034,-135.31633,1054.28442,2163.80078,-234.54494,1033.10791,2074.66455,-11.49708,948.10944,1936.93604,69.8061,481.6413,2093.4375,-275.6944,583.8205,2064.81738,158.70409,157.94501,1944.5321,-380.29077,209.79683,2249.1355
572,5.71,-318.02563,1542.70703,2108.31201,-127.60963,1632.94385,2115.87378,NA,NA,NA,NA,NA,NA,3.07197,1476.66492,2104.45361,NA,NA,NA,-163.28473,1347.1366,2067.26709,NA,NA,NA,53.50709,1171.98694,2291.98755,NA,NA,NA,7.13833,1006.61963,2436.56348,-276.086,840.27509,1821.7312,-142.01762,1054.2627,2169.17041,-239.65582,1034.03516,2078.05005,-16.69518,947.90759,1944.49109,58.67695,481.06107,2109.9231,-286.75534,586.04608,2071.28125,153.16479,163.02383,1957.6499,-380.91888,203.8392,2251.6167
573,5.72,NA,NA,NA,-134.30437,1633.23853,2122.41089,NA,NA,NA,NA,NA,NA,-2.95976,1476.93701,2112.66943,NA,NA,NA,-169.19771,1347.25964,2071.80762,NA,NA,NA,45.48524,1169.26599,2296.7876,NA,NA,NA,-2.11899,1001.00519,2437.51904,-283.59573,840.25452,1828.73682,-149.69711,1055.18079,2174.89258,-255.41536,1035.06152,2090.04175,-21.3798,947.51556,1953.21094,46.92822,482.89325,2129.63623,-297.58075,587.28302,2076.53418,146.9478,167.66887,1971.37598,-381.62256,198.02255,2253.41748
574,5.73,NA,NA,NA,-140.97038,1633.53711,2128.36475,NA,NA,NA,NA,NA,NA,-9.5403,1477.11865,2120.8811,NA,NA,NA,-174.83208,1348.81348,2078.27661,NA,NA,NA,37.17844,1167.47278,2301.86353,NA,NA,NA,-11.35873,996.35846,2439.44238,-291.43924,840.00073,1841.32117,NA,NA,NA,-261.04263,1037.13306,2096.94629,-26.18573,947.86792,1961.03784,35.38369,485.35291,2148.38257,-306.99695,585.98376,2088.72412,138.41783,175.11221,1989.08447,-382.34802,193.35085,2254.83496
575,5.74,NA,NA,NA,-147.93954,1634.66223,2134.96631,NA,NA,NA,NA,NA,NA,-15.39535,1477.73499,2127.79834,NA,NA,NA,-180.74043,1348.94861,2083.41846,NA,NA,NA,28.80911,1165.5321,2307.46948,NA,NA,NA,-20.58841,990.54993,2439.9353,-300.13989,843.46405,1838.50903,NA,NA,NA,-266.50214,1037.2251,2100.67407,-31.44963,949.64307,1966.35828,24.90467,487.90073,2168.82422,-318.82596,587.37415,2094.1377,128.97891,180.5657,2005.54663,-383.02051,189.25626,2255.42578
576,5.75,NA,NA,NA,-154.77995,1635.79126,2141.72632,NA,NA,NA,NA,NA,NA,-21.90995,1478.50391,2135.67578,NA,NA,NA,-186.31245,1349.83704,2089.62378,NA,NA,NA,20.21282,1164.49915,2313.24219,NA,NA,NA,-28.35729,986.0249,2440.81738,-307.54697,842.74341,1849.84131,NA,NA,NA,-271.40585,1037.90491,2106.96802,-36.55043,948.8316,1977.01147,12.67433,489.01819,2187.35376,-330.56552,588.88721,2098.31763,119.29318,185.41824,2022.36914,-383.88531,185.38397,2255.76709
577,5.76,NA,NA,NA,-161.13214,1636.9425,2147.69678,NA,NA,NA,NA,NA,NA,-27.55329,1479.99304,2143.3335,NA,NA,NA,-191.97935,1351.51233,2094.78979,NA,NA,NA,11.92337,1163.32947,2318.48486,NA,NA,NA,-36.98304,981.27399,2442.39355,-315.71246,844.93903,1854.01611,NA,NA,NA,-275.63187,1037.80005,2110.46069,-41.41975,950.19073,1984.1106,1.59784,488.49017,2205.12085,-342.32806,588.72827,2102.64648,109.34565,190.21353,2040.34277,-382.72928,182.4355,2253.79761
578,5.77,NA,NA,NA,-167.38817,1638.35486,2154.02539,NA,NA,NA,NA,NA,NA,-33.97715,1481.91724,2152.15283,NA,NA,NA,-197.36943,1352.06213,2100.07739,NA,NA,NA,4.28488,1162.81189,2322.9248,NA,NA,NA,-44.63053,975.71851,2443.23218,-324.2934,846.23315,1861.87634,NA,NA,NA,-280.38174,1039.05896,2116.05078,-45.58076,952.16516,1989.15723,-10.38953,489.71671,2223.05225,-353.71451,590.99524,2099.35083,99.35506,194.0099,2057.99048,-381.97571,181.7236,2251.75342
579,5.78,-122.26344,1702.09338,2008.97852,-172.99428,1639.88538,2160.21411,NA,NA,NA,NA,NA,NA,-40.08258,1482.84644,2158.96753,NA,NA,NA,-202.61917,1353.44849,2104.94409,NA,NA,NA,-3.86273,1163.24878,2328.39624,NA,NA,NA,-51.65446,972.23468,2444.37207,-332.15924,848.58417,1868.64636,NA,NA,NA,-284.15054,1041.25964,2120.97607,-49.02902,954.84357,1998.73425,-23.20727,489.10989,2239.62866,-363.08127,592.98596,2102.52832,88.73901,197.30083,2076.9209,-380.97174,182.91127,2248.9021
580,5.79,-124.35249,1703.63403,2015.40295,-178.7562,1641.41882,2166.72339,NA,NA,NA,NA,NA,NA,-47.01508,1484.79175,2166.23535,NA,NA,NA,-208.11119,1354.59851,2109.88623,NA,NA,NA,-11.88538,1164.40808,2333.91772,NA,NA,NA,-58.58759,968.81964,2446.2085,-339.96017,851.54559,1877.01184,NA,NA,NA,-287.71869,1044.35474,2126.64038,-52.39854,957.70343,2003.48621,-35.9039,487.71759,2256.85791,-369.46155,594.31036,2103.14624,78.56095,200.68675,2096.2666,-381.43979,185.349,2246.23267
581,5.8,-126.24144,1705.97913,2023.87122,-184.01878,1643.02429,2172.81958,NA,NA,NA,NA,NA,NA,-53.84492,1487.33789,2174.10327,NA,NA,NA,-213.41116,1356.81006,2114.79224,NA,NA,NA,-19.58719,1165.98755,2339.12329,NA,NA,NA,-65.25746,965.75079,2447.34082,-347.50418,853.74371,1886.50684,NA,NA,NA,-291.34409,1047.54468,2132.15039,-56.10818,960.87366,2007.4314,-49.54612,488.75195,2274.35962,-374.27719,598.01154,2105.19897,68.07967,202.80832,2115.25366,-381.73755,188.25272,2243.62085
582,5.81,-128.60742,1707.85828,2030.85498,-188.72806,1644.79639,2178.68945,NA,NA,NA,NA,NA,NA,-59.76415,1489.53271,2180.37451,-197.18652,1072.32495,2223.23755,-218.51314,1358.35938,2118.88159,NA,NA,NA,-27.15111,1167.40967,2344.19458,NA,NA,NA,-71.93434,963.30908,2448.57275,-355.89594,858.25458,1893.65649,NA,NA,NA,-285.04401,1047.7644,2122.30054,NA,NA,NA,-63.64816,487.87366,2289.05371,-379.48785,601.96027,2105.58423,57.24032,204.64671,2135.16064,-379.44885,188.97275,2239.99829
583,5.82,-129.49077,1709.32532,2039.39233,-193.40164,1646.41077,2184.84082,NA,NA,NA,NA,NA,NA,-66.79856,1491.77856,2186.95728,-201.79031,1076.02112,2229.04468,-223.63976,1360.41663,2124.21631,NA,NA,NA,-34.39805,1169.05542,2349.33203,NA,NA,NA,-78.21089,961.46808,2449.26978,-363.58005,861.91272,1901.90051,NA,NA,NA,-289.36218,1050.97888,2127.25195,NA,NA,NA,-75.11957,487.04877,2304.93286,-380.59506,603.18658,2105.31274,45.84092,207.69527,2156.41406,-378.04028,190.35526,2234.29102
584,5.83,-130.70996,1710.81738,2045.09839,-197.87767,1648.05701,2190.81274,NA,NA,NA,NA,NA,NA,-73.32594,1495.12402,2194.41602,-206.99338,1078.54517,2232.2959,-228.79124,1362.09998,2128.2478,NA,NA,NA,-41.62725,1170.8949,2354.14697,NA,NA,NA,-83.78798,960.39215,2450.21436,-371.24329,865.71082,1911.97852,NA,NA,NA,-294.01605,1054.68066,2131.78369,NA,NA,NA,-87.37497,489.5072,2322.1875,-381.91238,605.03845,2105.22534,34.42685,209.54349,2176.14429,-377.48993,190.31924,2228.86841
585,5.84,-131.1189,1711.91321,2052.40381,-201.8624,1649.85071,2195.93286,NA,NA,NA,NA,NA,NA,-79.9144,1496.78589,2200.61011,-211.91989,1081.6853,2237.12451,-233.50906,1364.28955,2132.76831,NA,NA,NA,-49.46036,1172.73767,2359.27393,NA,NA,NA,-89.48951,959.1778,2451.4519,-379.21277,869.81335,1920.51746,NA,NA,NA,-298.61209,1058.19373,2136.01587,NA,NA,NA,-100.04568,489.79898,2334.88306,-382.00745,604.91815,2104.95776,22.03943,211.20583,2196.13818,-377.55212,189.57373,2225.46997
586,5.85,NA,NA,NA,-205.80585,1651.49402,2201.48682,NA,NA,NA,NA,NA,NA,-86.25837,1499.45215,2206.85425,-217.26018,1084.24011,2240.74536,-238.5863,1366.78235,2137.0874,NA,NA,NA,-56.978,1174.60327,2365.09937,NA,NA,NA,-94.6695,958.13403,2452.18311,-386.9838,874.23584,1926.12549,NA,NA,NA,-303.77786,1061.35168,2141.9834,NA,NA,NA,-110.58813,493.94516,2350.8833,-381.67838,604.49213,2104.93164,9.67126,212.29744,2215.83521,-377.38708,188.3669,2222.79712
587,5.86,NA,NA,NA,-209.6898,1653.15491,2206.6709,NA,NA,NA,NA,NA,NA,-92.87519,1501.85303,2213.51758,-222.64664,1086.49731,2245.54736,-243.32224,1368.89441,2140.771,NA,NA,NA,-63.99558,1176.47168,2370.12891,NA,NA,NA,-100.03331,957.70825,2454.81152,-394.77478,878.74866,1935.83813,NA,NA,NA,-309.50821,1064.60364,2147.34277,NA,NA,NA,-123.6741,499.54617,2363.82959,-380.65714,603.46667,2104.96875,-3.1428,213.66707,2236.4646,-377.30237,186.89314,2218.9895
588,5.87,-133.04156,1714.89575,2072.73804,-213.5531,1654.84338,2211.89233,NA,NA,NA,NA,NA,NA,-98.96984,1503.41846,2219.02515,-228.3714,1087.89685,2248.63525,-247.89417,1370.49744,2145.15698,NA,NA,NA,-70.3887,1177.33044,2373.9209,-62.88038,983.21094,2042.05103,-104.48365,957.67291,2456.84668,-402.10022,882.27716,1945.58472,NA,NA,NA,-315.39856,1067.70178,2153.17651,NA,NA,NA,-134.15028,506.18997,2377.91724,-377.55005,602.7384,2099.92627,-17.13717,214.8224,2257.48022,-377.69061,185.11496,2215.52856
589,5.88,-132.8914,1715.30554,2081.25049,-217.65207,1656.26379,2217.58521,NA,NA,NA,NA,NA,NA,-105.17838,1505.90405,2225.78345,-233.18904,1089.60327,2252.24805,-252.70921,1371.95886,2148.65234,NA,NA,NA,-76.85669,1178.93115,2379.16162,-63.66132,985.5788,2050.79907,-109.40549,957.02277,2458.5564,-409.77747,886.19757,1952.60852,NA,NA,NA,-321.52472,1070.26233,2159.52905,NA,NA,NA,-144.02596,512.63898,2390.88574,-374.46109,599.74799,2100.67896,-30.13897,214.60368,2278.06274,-377.55524,182.85371,2212.47119
590,5.89,NA,NA,NA,-221.58304,1657.98291,2222.57617,NA,NA,NA,NA,NA,NA,-110.93703,1507.07886,2231.55054,-239.03604,1091.28064,2255.50513,-257.39569,1374.06348,2153.39331,NA,NA,NA,-83.04292,1179.80237,2383.5127,-64.6123,987.64178,2059.60547,-113.18095,956.68549,2461.15625,-417.73019,889.40338,1959.82813,NA,NA,NA,-328.01608,1072.71704,2165.98071,NA,NA,NA,-154.31303,518.36761,2404.3147,-371.69452,598.80029,2098.86011,-44.15124,214.74963,2299.30542,-377.94922,180.45943,2208.95801
591,5.9,NA,NA,NA,-225.41597,1659.47656,2227.34204,NA,NA,NA,NA,NA,NA,-116.83055,1508.7948,2237.56348,-244.07759,1091.56494,2259.18457,-262.57706,1375.63025,2157.00757,NA,NA,NA,-88.59494,1180.44861,2388.33105,-64.9692,989.21503,2068.74121,-117.67152,956.04987,2462.8335,-424.71783,893.28723,1969.66455,NA,NA,NA,-334.07855,1075.0791,2171.15161,NA,NA,NA,-164.71632,523.64813,2416.7124,-368.70355,597.08905,2095.23267,-58.21189,213.19621,2320.03174,-378.64297,177.48338,2205.73145
592,5.91,NA,NA,NA,-229.19211,1660.83093,2232.15405,NA,NA,NA,NA,NA,NA,-122.61301,1510.07593,2243.99585,-248.95943,1092.00293,2261.53271,-267.34369,1377.30334,2161.80371,NA,NA,NA,-94.01976,1180.57813,2392.45752,-65.95291,991.1322,2077.27588,-121.366,955.8421,2466.01807,-433.01901,895.72113,1977.23181,NA,NA,NA,-340.41492,1076.62769,2178.97363,NA,NA,NA,-175.32814,527.745,2428.396,-364.97952,595.82684,2096.01123,-72.94606,210.72733,2340.76831,-378.79364,174.98077,2202.30054
593,5.92,NA,NA,NA,-233.42795,1662.26733,2237.75439,NA,NA,NA,NA,NA,NA,-128.26045,1510.71814,2249.74512,-254.46632,1092.02295,2264.79736,-272.18573,1378.21692,2165.5376,NA,NA,NA,-98.96323,1180.91528,2396.54419,-66.54474,993.0108,2085.37378,-125.50801,954.96259,2468.47021,-440.00867,899.30096,1982.47961,NA,NA,NA,-346.26575,1078.48083,2184.39136,NA,NA,NA,-186.21117,531.26544,2438.67871,-361.04691,593.70898,2090.83838,-88.13689,207.73338,2361.08936,-379.54019,173.14494,2199.07495
594,5.93,NA,NA,NA,-237.44923,1663.40759,2242.6311,NA,NA,NA,NA,NA,NA,-133.72563,1511.76404,2255.50781,-259.32581,1091.80518,2268.71411,-276.74762,1379.48206,2169.34058,NA,NA,NA,-104.12849,1180.7312,2401.00513,-67.1435,994.51263,2092.50903,-129.76163,954.49768,2471.82178,-448.64734,902.77625,1988.20703,NA,NA,NA,-352.18466,1079.51404,2191.40918,NA,NA,NA,-196.17924,533.78766,2447.03076,-357.45981,593.58545,2087.58813,-103.42742,205.46146,2383.62109,-382.11792,170.25481,2199.17822
595,5.94,NA,NA,NA,-241.39583,1664.35486,2247.28247,NA,NA,NA,NA,NA,NA,-139.1042,1512.25208,2261.27734,-264.09213,1091.16284,2270.4082,-281.18118,1379.92908,2173.23193,NA,NA,NA,-108.9565,1180.06885,2405.27637,-67.51144,996.30188,2100.10669,-133.4576,954.11682,2475.90308,-455.57687,905.58398,1996.51099,NA,NA,NA,-357.85745,1081.12598,2197.42114,NA,NA,NA,-205.96919,537.08667,2454.61694,-352.17294,591.0307,2086.75684,-119.5545,200.99796,2403.78491,-382.1044,169.33884,2193.01025
596,5.95,NA,NA,NA,-245.17053,1665.22217,2251.60522,NA,NA,NA,NA,NA,NA,-144.65968,1512.84045,2267.00146,-269.40091,1090.89087,2273.95288,-285.68314,1380.57214,2176.85156,NA,NA,NA,-113.80518,1179.68604,2409.85986,-68.06132,997.82959,2107.77075,-137.77829,953.27887,2479.42578,-462.24872,908.02289,2003.23352,NA,NA,NA,-363.32135,1082.24243,2204.16797,NA,NA,NA,-214.78886,539.98395,2461.30493,-347.98679,590.41974,2082.26538,-135.18997,197.8436,2426.17139,-383.55649,167.92601,2190.97046
597,5.96,NA,NA,NA,-249.23608,1666.04285,2256.30322,NA,NA,NA,NA,NA,NA,-150.29726,1512.90149,2272.71631,-274.34143,1090.72339,2277.42139,-290.57462,1380.8291,2181.98096,NA,NA,NA,-118.9678,1179.31372,2414.35718,-68.65186,999.44696,2114.8894,-142.04671,952.3161,2482.91479,-469.27808,910.05066,2011.69263,NA,NA,NA,-346.57623,1059.20874,2169.32666,NA,NA,NA,-222.49701,541.36163,2465.68872,-341.56323,587.54327,2082.76001,-151.99648,192.96794,2447.45996,-384.41208,167.05634,2188.80298
598,5.97,NA,NA,NA,NA,NA,NA,NA,NA,NA,NA,NA,NA,-156.26521,1513.09851,2279.19141,-278.68881,1089.39758,2278.31274,-294.24353,1380.44812,2184.20728,NA,NA,NA,-124.19637,1179.00061,2419.58301,-69.33064,1000.87769,2121.97876,-145.84659,951.43768,2487.60132,-476.40698,911.84161,2018.51758,NA,NA,NA,-348.88077,1058.44995,2169.54395,NA,NA,NA,-230.38957,542.50153,2470.60645,-335.80212,586.61804,2083.63232,-168.15366,188.17009,2470.23657,-384.55829,166.57451,2187.24536
599,5.98,NA,NA,NA,NA,NA,NA,NA,NA,NA,NA,NA,NA,-161.91522,1512.96082,2284.89038,-283.28894,1089.72437,2282.01831,-298.67389,1380.88721,2188.8728,NA,NA,NA,-129.3166,1178.35913,2424.5498,-70.15749,1002.02271,2128.92407,-150.36072,950.78784,2492.17285,-482.36295,914.48151,2026.90991,NA,NA,NA,-351.43887,1058.75635,2172.97314,NA,NA,NA,-236.78938,542.42084,2473.09717,-329.38397,584.50946,2081.96118,-184.30148,183.74782,2491.64893,-384.52332,166.53323,2186.48413
600,5.99,NA,NA,NA,NA,NA,NA,NA,NA,NA,NA,NA,NA,-167.38889,1512.75171,2290.5957,-288.01828,1088.57788,2283.8291,-302.17801,1379.77148,2191.93408,NA,NA,NA,-134.89542,1177.68103,2429.28345,-71.29911,1003.38165,2136.84717,-154.71072,949.28912,2496.08496,-488.4791,917.3385,2034.08472,NA,NA,NA,-383.37247,1087.83582,2226.7627,NA,NA,NA,-242.30583,541.65778,2475.39893,-324.03812,584.58398,2078.62256,-200.90074,182.29323,2513.77881,-383.69321,166.29646,2185.62549
601,6,NA,NA,NA,NA,NA,NA,NA,NA,NA,NA,NA,NA,-173.37468,1512.33496,2296.55713,-292.67432,1089.07312,2286.94849,-305.96133,1378.84253,2195.23682,NA,NA,NA,-140.774,1177.63184,2435.75562,NA,NA,NA,-159.92404,949.47406,2501.38354,NA,NA,NA,NA,NA,NA,NA,NA,NA,NA,NA,NA,-246.16492,539.61639,2476.14233,-318.35416,583.94818,2078.30371,-216.812,182.20343,2534.12256,-381.97821,166.20372,2184.91064
602,6.01,NA,NA,NA,NA,NA,NA,NA,NA,NA,NA,NA,NA,-178.99789,1512.22925,2302.20068,-296.97824,1088.40186,2289.14624,-309.43759,1378.32813,2198.96558,NA,NA,NA,-146.65265,1176.79675,2440.76611,NA,NA,NA,-163.77478,948.15967,2505.82422,NA,NA,NA,NA,NA,NA,NA,NA,NA,NA,NA,NA,-249.76138,537.74438,2477.49487,-312.1929,582.87201,2079.57983,-233.44707,185.59265,2555.77808,-380.15894,166.40694,2183.78296
603,6.02,NA,NA,NA,NA,NA,NA,NA,NA,NA,NA,NA,NA,-184.61938,1511.7876,2307.76807,-301.97485,1088.62671,2291.78687,-312.68872,1377.66577,2201.81934,NA,NA,NA,-152.485,1175.91162,2446.48853,NA,NA,NA,-168.98006,947.25275,2510.66235,NA,NA,NA,NA,NA,NA,NA,NA,NA,NA,NA,NA,-252.46082,535.66394,2478.07129,-305.44943,580.91815,2084.32935,-249.57335,189.2942,2575.6123,-379.01819,166.79987,2182.72559
604,6.03,NA,NA,NA,NA,NA,NA,NA,NA,NA,NA,NA,NA,-190.33498,1511.72217,2313.47729,-306.01926,1088.10193,2294.36938,-315.75543,1376.90308,2204.72998,NA,NA,NA,-158.29631,1175.79785,2451.85938,NA,NA,NA,-173.75565,946.00568,2515.22705,NA,NA,NA,NA,NA,NA,NA,NA,NA,NA,NA,NA,-255.06969,533.49823,2479.08691,-299.88657,580.86517,2086.86597,-265.62509,195.02808,2596.21948,-377.08344,166.51959,2181.41504
605,6.04,NA,NA,NA,NA,NA,NA,NA,NA,NA,NA,NA,NA,-196.23224,1511.78052,2319.74683,-310.86456,1087.80359,2296.17114,-318.6676,1376.52161,2207.74268,NA,NA,NA,-165.16202,1175.97351,2458.19043,NA,NA,NA,-178.8165,946.04724,2521.25513,NA,NA,NA,NA,NA,NA,NA,NA,NA,NA,NA,NA,-257.3869,531.40149,2480.06616,-294.49829,581.27234,2089.90137,-280.63925,199.06136,2612.12354,-374.40872,166.87082,2181.12671
606,6.05,NA,NA,NA,NA,NA,NA,NA,NA,NA,NA,NA,NA,-201.49353,1511.49316,2324.948,-315.12256,1087.26843,2298.81006,-321.62863,1376.27612,2211.72827,NA,NA,NA,-170.98192,1175.6239,2463.93042,NA,NA,NA,-184.13612,945.56671,2526.05054,NA,NA,NA,NA,NA,NA,NA,NA,NA,NA,NA,NA,-260.23431,529.30212,2480.84302,-289.01602,581.18353,2094.19678,-295.05173,205.09427,2627.74194,-372.05621,166.32291,2180.92969
607,6.06,NA,NA,NA,NA,NA,NA,NA,NA,NA,NA,NA,NA,-206.49974,1511.54028,2330.30127,-319.90137,1086.64258,2301.91797,-324.09024,1376.09192,2214.91797,NA,NA,NA,-177.78284,1175.03064,2469.51172,NA,NA,NA,-189.67899,945.15839,2530.90601,NA,NA,NA,NA,NA,NA,NA,NA,NA,NA,NA,NA,-263.35645,527.27417,2482.573,-283.39676,581.25885,2098.41748,-309.83356,212.67865,2641.83154,-369.11697,166.84303,2179.36743
608,6.07,NA,NA,NA,NA,NA,NA,NA,NA,NA,NA,NA,NA,-211.63983,1511.67603,2335.57349,-324.15042,1086.05444,2304.5061,-327.0784,1376.31189,2218.65283,NA,NA,NA,-184.46176,1175.20581,2476.06128,NA,NA,NA,-194.7773,944.36749,2536.41333,NA,NA,NA,NA,NA,NA,NA,NA,NA,NA,NA,NA,-266.75717,525.36157,2483.32788,-276.8576,580.52295,2104.45459,-324.39859,219.83736,2654.65503,-365.99231,166.66394,2178.6355
609,6.08,NA,NA,NA,NA,NA,NA,NA,NA,NA,NA,NA,NA,-216.53029,1511.62903,2340.91577,-328.16394,1085.24622,2307.3418,-329.63553,1376.35718,2221.80176,NA,NA,NA,-191.50546,1175.40442,2481.78662,NA,NA,NA,-200.78806,943.42999,2541.0564,NA,NA,NA,NA,NA,NA,NA,NA,NA,NA,NA,NA,-269.95496,523.37524,2484.57495,-271.85501,581.25104,2110.10229,-338.82028,227.49512,2665.71899,-362.99344,166.59447,2178.07129
610,6.09,NA,NA,NA,NA,NA,NA,NA,NA,NA,NA,NA,NA,-221.29317,1512.04004,2346.72925,-332.12903,1084.66492,2310.45459,NA,NA,NA,NA,NA,NA,-198.41106,1175.43677,2487.51831,NA,NA,NA,-206.68002,943.96484,2546.83911,NA,NA,NA,NA,NA,NA,NA,NA,NA,NA,NA,NA,-273.55374,521.33783,2486.56885,-267.38483,581.52295,2115.43042,-353.22049,234.78075,2674.40332,-359.34793,166.14905,2177.76074
611,6.1,NA,NA,NA,NA,NA,NA,NA,NA,NA,NA,NA,NA,-226.34201,1512.58752,2352.58569,-335.97198,1083.67261,2313.57202,NA,NA,NA,NA,NA,NA,-205.06097,1175.84106,2493.32495,NA,NA,NA,-213.36743,943.48279,2551.75439,NA,NA,NA,NA,NA,NA,NA,NA,NA,NA,NA,NA,-276.62561,519.67236,2487.69824,-263.27921,581.88861,2120.55103,-368.5426,241.62122,2681.52246,-355.89957,166.31644,2175.21387
612,6.11,NA,NA,NA,NA,NA,NA,NA,NA,NA,NA,NA,NA,-231.6344,1513.20203,2358.51563,-339.53345,1082.79883,2317.35938,NA,NA,NA,NA,NA,NA,-212.67967,1175.82959,2498.65771,NA,NA,NA,-219.60175,943.89935,2557.04761,NA,NA,NA,NA,NA,NA,NA,NA,NA,NA,NA,NA,-279.77988,518.38666,2489.38379,-259.21155,583.01581,2121.41235,-383.40326,246.01192,2685.58887,-350.29395,164.98625,2178.10059
613,6.12,NA,NA,NA,NA,NA,NA,NA,NA,NA,NA,NA,NA,-236.67914,1513.41919,2364.38135,-342.60529,1082.44434,2319.80859,NA,NA,NA,NA,NA,NA,-219.5845,1176.11389,2504.51904,NA,NA,NA,-226.44615,943.66138,2562.15381,NA,NA,NA,NA,NA,NA,NA,NA,NA,NA,NA,NA,-283.19778,518.4035,2492.72729,-256.02951,582.8891,2126.31714,-397.04819,250.70845,2687.33521,-346.6889,166.5927,2174.29834
614,6.13,NA,NA,NA,NA,NA,NA,NA,NA,NA,NA,NA,NA,-241.65894,1514.25781,2370.95288,-346.28073,1082.09229,2323.39063,NA,NA,NA,NA,NA,NA,-226.55602,1176.84546,2510.45508,NA,NA,NA,-233.2738,943.61346,2567.06348,NA,NA,NA,NA,NA,NA,NA,NA,NA,NA,NA,NA,-286.51028,520.245,2499.08325,-254.077,584.76459,2133.67627,-408.68771,253.7312,2687.02246,-341.5864,167.19356,2172.68555
615,6.14,NA,NA,NA,NA,NA,NA,NA,NA,NA,NA,NA,NA,-246.53093,1514.60693,2376.26953,-349.62738,1082.58313,2327.29443,NA,NA,NA,NA,NA,NA,-233.80179,1176.23816,2515.30957,NA,NA,NA,-239.7162,943.55933,2572.65283,NA,NA,NA,NA,NA,NA,NA,NA,NA,NA,NA,NA,-288.60013,521.41351,2505.19409,-252.21095,586.8432,2131.10449,-417.58673,255.81169,2684.55005,-337.01166,167.03931,2172.79834
616,6.15,NA,NA,NA,NA,NA,NA,NA,NA,NA,NA,NA,NA,-251.40163,1514.88513,2381.58765,-352.3952,1083.23987,2330.28345,NA,NA,NA,NA,NA,NA,-240.35185,1176.69226,2520.39795,NA,NA,NA,-247.49605,944.1947,2578.31323,NA,NA,NA,NA,NA,NA,NA,NA,NA,NA,NA,NA,-290.8981,522.63715,2511.83154,-250.66483,585.97162,2139.41357,-423.52844,255.58757,2681.04541,-331.44562,165.03505,2175.28955
617,6.16,NA,NA,NA,NA,NA,NA,NA,NA,NA,NA,NA,NA,NA,NA,NA,-355.48462,1083.99695,2333.49146,NA,NA,NA,NA,NA,NA,-247.39395,1177.5874,2526.64111,NA,NA,NA,-254.4239,943.65161,2582.16919,NA,NA,NA,NA,NA,NA,NA,NA,NA,NA,NA,NA,-292.66922,523.7334,2518.23315,-249.67407,587.32892,2139.58594,-426.50208,252.76343,2677.44702,-327.34845,165.88492,2173.19238
618,6.17,NA,NA,NA,NA,NA,NA,NA,NA,NA,NA,NA,NA,NA,NA,NA,-358.45605,1084.6311,2336.55078,NA,NA,NA,NA,NA,NA,-254.34163,1177.26697,2531.19165,NA,NA,NA,-261.78455,944.09406,2587.03833,NA,NA,NA,NA,NA,NA,NA,NA,NA,NA,NA,NA,-294.24387,524.48822,2524.3313,-248.95976,586.99292,2143.22217,-426.30365,246.61192,2672.25977,-322.64401,165.03998,2173.03711
619,6.18,NA,NA,NA,NA,NA,NA,NA,NA,NA,NA,NA,NA,NA,NA,NA,-361.95016,1086.66943,2340.7771,NA,NA,NA,NA,NA,NA,-260.79083,1177.58569,2536.89307,NA,NA,NA,-269.56253,944.65466,2592.64893,NA,NA,NA,NA,NA,NA,NA,NA,NA,NA,NA,NA,-295.66458,523.90424,2530.19238,-249.11748,587.90741,2146.13477,-425.29901,241.44501,2668.87866,NA,NA,NA
620,6.19,NA,NA,NA,NA,NA,NA,NA,NA,NA,NA,NA,NA,NA,NA,NA,-364.92636,1087.7085,2344.45044,NA,NA,NA,NA,NA,NA,-267.26379,1177.86194,2542.03345,NA,NA,NA,-276.96536,944.7298,2597.57202,NA,NA,NA,NA,NA,NA,NA,NA,NA,NA,NA,NA,-296.65451,523.0545,2536.04492,-249.29105,588.21942,2146.34717,-423.52942,235.46138,2664.93726,NA,NA,NA
621,6.2,NA,NA,NA,NA,NA,NA,NA,NA,NA,NA,NA,NA,NA,NA,NA,-367.99597,1088.87537,2349.00708,NA,NA,NA,NA,NA,NA,-274.311,1178.07202,2547.28809,NA,NA,NA,-285.06686,944.755,2602.53809,NA,NA,NA,NA,NA,NA,NA,NA,NA,NA,NA,NA,-297.99454,521.91864,2541.45215,-249.81038,587.84106,2149.89209,-421.23816,228.26782,2659.66602,NA,NA,NA
622,6.21,NA,NA,NA,NA,NA,NA,NA,NA,NA,NA,NA,NA,NA,NA,NA,-373.32019,1096.5022,2361.63965,NA,NA,NA,NA,NA,NA,-280.61932,1178.15613,2553.19702,NA,NA,NA,-293.22482,944.52264,2607.18726,NA,NA,NA,NA,NA,NA,NA,NA,NA,NA,NA,NA,-298.94519,520.72681,2546.43164,-250.56989,588.2439,2153.08325,-419.11722,221.28423,2655.81641,NA,NA,NA
623,6.22,NA,NA,NA,NA,NA,NA,NA,NA,NA,NA,NA,NA,NA,NA,NA,-372.4364,1097.29089,2362.52686,NA,NA,NA,NA,NA,NA,NA,NA,NA,NA,NA,NA,-301.37338,944.46106,2611.76831,NA,NA,NA,NA,NA,NA,NA,NA,NA,NA,NA,NA,-299.76755,518.927,2551.35132,-251.4913,588.69354,2156.48804,-417.41425,214.27019,2651.95044,NA,NA,NA
624,6.23,NA,NA,NA,NA,NA,NA,NA,NA,NA,NA,NA,NA,NA,NA,NA,NA,NA,NA,NA,NA,NA,NA,NA,NA,NA,NA,NA,NA,NA,NA,-309.81989,944.56903,2616.39453,NA,NA,NA,NA,NA,NA,NA,NA,NA,NA,NA,NA,-301.85745,519.33466,2556.89551,-252.3744,588.96552,2157.64355,-414.91589,205.82251,2646.66382,NA,NA,NA
625,6.24,NA,NA,NA,NA,NA,NA,NA,NA,NA,NA,NA,NA,NA,NA,NA,NA,NA,NA,NA,NA,NA,NA,NA,NA,NA,NA,NA,NA,NA,NA,-318.38998,944.48199,2620.74194,NA,NA,NA,NA,NA,NA,NA,NA,NA,NA,NA,NA,-303.6301,518.78754,2560.81201,-253.07246,589.02283,2158.56543,-413.2883,199.08635,2643.45093,NA,NA,NA
626,6.25,NA,NA,NA,NA,NA,NA,NA,NA,NA,NA,NA,NA,NA,NA,NA,NA,NA,NA,NA,NA,NA,NA,NA,NA,NA,NA,NA,NA,NA,NA,-327.10559,944.18549,2624.76416,NA,NA,NA,NA,NA,NA,NA,NA,NA,NA,NA,NA,-306.70703,519.03162,2564.5979,-254.01448,588.39087,2162.69434,-410.65771,191.8813,2638.79761,NA,NA,NA
627,6.26,NA,NA,NA,NA,NA,NA,NA,NA,NA,NA,NA,NA,NA,NA,NA,NA,NA,NA,NA,NA,NA,NA,NA,NA,NA,NA,NA,NA,NA,NA,NA,NA,NA,NA,NA,NA,NA,NA,NA,NA,NA,NA,NA,NA,NA,-310.21042,518.84393,2567.35815,-254.74921,588.47064,2163.66357,-408.10068,185.60066,2633.76709,NA,NA,NA
628,6.27,NA,NA,NA,NA,NA,NA,NA,NA,NA,NA,NA,NA,NA,NA,NA,NA,NA,NA,NA,NA,NA,NA,NA,NA,NA,NA,NA,NA,NA,NA,NA,NA,NA,NA,NA,NA,NA,NA,NA,NA,NA,NA,NA,NA,NA,-315.42554,520.16046,2570.49072,-255.74136,589.86627,2166.48413,-405.50253,181.13625,2629.37427,NA,NA,NA
629,6.28,NA,NA,NA,NA,NA,NA,NA,NA,NA,NA,NA,NA,NA,NA,NA,NA,NA,NA,NA,NA,NA,NA,NA,NA,NA,NA,NA,NA,NA,NA,NA,NA,NA,NA,NA,NA,NA,NA,NA,NA,NA,NA,NA,NA,NA,-321.02527,521.00348,2573.49438,-256.56061,590.99988,2166.87402,-402.20389,176.36938,2624.2666,NA,NA,NA
630,6.29,NA,NA,NA,NA,NA,NA,NA,NA,NA,NA,NA,NA,NA,NA,NA,NA,NA,NA,NA,NA,NA,NA,NA,NA,NA,NA,NA,NA,NA,NA,NA,NA,NA,NA,NA,NA,NA,NA,NA,NA,NA,NA,NA,NA,NA,-326.35406,521.89563,2575.64844,-257.01114,591.37628,2167.45044,-398.47272,173.04076,2619.57227,NA,NA,NA
631,6.3,NA,NA,NA,NA,NA,NA,NA,NA,NA,NA,NA,NA,NA,NA,NA,NA,NA,NA,NA,NA,NA,NA,NA,NA,NA,NA,NA,NA,NA,NA,NA,NA,NA,NA,NA,NA,NA,NA,NA,NA,NA,NA,NA,NA,NA,-332.03592,522.32489,2578.81128,-257.50632,591.55261,2168.09692,-394.90094,171.54723,2614.15918,NA,NA,NA
632,6.31,NA,NA,NA,NA,NA,NA,NA,NA,NA,NA,NA,NA,NA,NA,NA,NA,NA,NA,NA,NA,NA,NA,NA,NA,NA,NA,NA,NA,NA,NA,NA,NA,NA,NA,NA,NA,NA,NA,NA,NA,NA,NA,NA,NA,NA,-335.65714,521.96979,2579.53491,-257.93103,591.00604,2171.5415,-390.77142,169.63176,2608.45508,NA,NA,NA
633,6.32,NA,NA,NA,NA,NA,NA,NA,NA,NA,NA,NA,NA,NA,NA,NA,NA,NA,NA,NA,NA,NA,NA,NA,NA,NA,NA,NA,NA,NA,NA,NA,NA,NA,NA,NA,NA,NA,NA,NA,NA,NA,NA,NA,NA,NA,-339.09317,521.60638,2581.06226,-258.61191,591.33807,2174.64624,-386.64227,168.20445,2603.78101,NA,NA,NA
634,6.33,NA,NA,NA,NA,NA,NA,NA,NA,NA,NA,NA,NA,NA,NA,NA,NA,NA,NA,NA,NA,NA,NA,NA,NA,NA,NA,NA,NA,NA,NA,NA,NA,NA,NA,NA,NA,NA,NA,NA,NA,NA,NA,NA,NA,NA,-342.2431,521.99097,2582.90698,-258.8786,590.9787,2177.31982,-381.44916,167.66544,2599.03687,NA,NA,NA
635,6.34,NA,NA,NA,NA,NA,NA,NA,NA,NA,NA,NA,NA,NA,NA,NA,NA,NA,NA,NA,NA,NA,NA,NA,NA,NA,NA,NA,NA,NA,NA,NA,NA,NA,NA,NA,NA,NA,NA,NA,NA,NA,NA,NA,NA,NA,-343.76715,521.3606,2582.57593,-259.1799,591.27753,2179.27466,-376.97739,166.85503,2594.49023,NA,NA,NA
636,6.35,NA,NA,NA,NA,NA,NA,NA,NA,NA,NA,NA,NA,NA,NA,NA,NA,NA,NA,NA,NA,NA,NA,NA,NA,NA,NA,NA,NA,NA,NA,NA,NA,NA,NA,NA,NA,NA,NA,NA,NA,NA,NA,NA,NA,NA,-346.41049,522.43866,2584.79102,-258.97809,591.90576,2178.96973,-372.77731,165.47386,2590.00879,NA,NA,NA
637,6.36,NA,NA,NA,NA,NA,NA,NA,NA,NA,NA,NA,NA,NA,NA,NA,NA,NA,NA,NA,NA,NA,NA,NA,NA,NA,NA,NA,NA,NA,NA,NA,NA,NA,NA,NA,NA,NA,NA,NA,NA,NA,NA,NA,NA,NA,-348.29199,522.62689,2586.42432,-258.68619,593.40662,2179.70264,-367.29361,164.96028,2586.24316,NA,NA,NA
638,6.37,NA,NA,NA,NA,NA,NA,NA,NA,NA,NA,NA,NA,NA,NA,NA,NA,NA,NA,NA,NA,NA,NA,NA,NA,NA,NA,NA,NA,NA,NA,NA,NA,NA,NA,NA,NA,NA,NA,NA,NA,NA,NA,NA,NA,NA,-349.74652,521.82544,2587.6084,-258.08838,594.35895,2183.93628,-363.45837,164.22823,2582.36792,NA,NA,NA
639,6.38,NA,NA,NA,NA,NA,NA,NA,NA,NA,NA,NA,NA,NA,NA,NA,NA,NA,NA,NA,NA,NA,NA,NA,NA,NA,NA,NA,NA,NA,NA,NA,NA,NA,NA,NA,NA,NA,NA,NA,NA,NA,NA,NA,NA,NA,-351.25278,521.62793,2589.75366,-257.24426,595.54541,2187.83252,-358.61465,163.36673,2578.76099,NA,NA,NA
640,6.39,NA,NA,NA,NA,NA,NA,NA,NA,NA,NA,NA,NA,NA,NA,NA,NA,NA,NA,NA,NA,NA,NA,NA,NA,NA,NA,NA,NA,NA,NA,NA,NA,NA,NA,NA,NA,NA,NA,NA,NA,NA,NA,NA,NA,NA,-352.13052,520.979,2591.53223,-255.85626,596.41852,2190.54395,-354.67212,163.34004,2576.81567,NA,NA,NA
641,6.4,NA,NA,NA,NA,NA,NA,NA,NA,NA,NA,NA,NA,NA,NA,NA,NA,NA,NA,NA,NA,NA,NA,NA,NA,NA,NA,NA,NA,NA,NA,NA,NA,NA,NA,NA,NA,NA,NA,NA,NA,NA,NA,NA,NA,NA,-352.04871,519.55853,2592.80933,-254.68419,597.14209,2194.76709,-351.22137,163.70013,2575.71997,NA,NA,NA
642,6.41,NA,NA,NA,NA,NA,NA,NA,NA,NA,NA,NA,NA,NA,NA,NA,NA,NA,NA,NA,NA,NA,NA,NA,NA,NA,NA,NA,NA,NA,NA,NA,NA,NA,NA,NA,NA,NA,NA,NA,NA,NA,NA,NA,NA,NA,-351.79843,519.25433,2594.7605,-252.6358,598.73846,2200.93481,-348.77301,164.6946,2575.82837,NA,NA,NA
643,6.42,NA,NA,NA,NA,NA,NA,NA,NA,NA,NA,NA,NA,NA,NA,NA,NA,NA,NA,NA,NA,NA,NA,NA,NA,NA,NA,NA,NA,NA,NA,NA,NA,NA,NA,NA,NA,NA,NA,NA,NA,NA,NA,NA,NA,NA,-350.83643,517.85913,2596.09399,-250.48846,600.49304,2200.82935,-347.20016,164.39677,2575.19775,NA,NA,NA
644,6.43,NA,NA,NA,NA,NA,NA,NA,NA,NA,NA,NA,NA,NA,NA,NA,NA,NA,NA,NA,NA,NA,NA,NA,NA,NA,NA,NA,NA,NA,NA,NA,NA,NA,NA,NA,NA,NA,NA,NA,NA,NA,NA,NA,NA,NA,-349.51508,516.7334,2597.60962,-248.59798,602.28485,2204.32813,-346.0047,164.78415,2574.93579,NA,NA,NA
645,6.44,NA,NA,NA,NA,NA,NA,NA,NA,NA,NA,NA,NA,NA,NA,NA,NA,NA,NA,NA,NA,NA,NA,NA,NA,NA,NA,NA,NA,NA,NA,NA,NA,NA,NA,NA,NA,NA,NA,NA,NA,NA,NA,NA,NA,NA,-347.93204,515.51917,2598.83838,-245.73235,603.55927,2208.0166,-345.90741,164.57635,2575.59839,NA,NA,NA
646,6.45,NA,NA,NA,NA,NA,NA,NA,NA,NA,NA,NA,NA,NA,NA,NA,NA,NA,NA,NA,NA,NA,NA,NA,NA,NA,NA,NA,NA,NA,NA,NA,NA,NA,NA,NA,NA,NA,NA,NA,NA,NA,NA,NA,NA,NA,-346.2222,514.22632,2599.75586,-243.33769,605.03784,2212.71924,-346.32855,163.86815,2575.45117,NA,NA,NA
647,6.46,NA,NA,NA,NA,NA,NA,NA,NA,NA,NA,NA,NA,NA,NA,NA,NA,NA,NA,NA,NA,NA,NA,NA,NA,NA,NA,NA,NA,NA,NA,NA,NA,NA,NA,NA,NA,NA,NA,NA,NA,NA,NA,NA,NA,NA,-344.41898,513.3858,2601.47925,-239.99249,605.05859,2217.51074,NA,NA,NA,NA,NA,NA
648,6.47,NA,NA,NA,NA,NA,NA,NA,NA,NA,NA,NA,NA,NA,NA,NA,NA,NA,NA,NA,NA,NA,NA,NA,NA,NA,NA,NA,NA,NA,NA,NA,NA,NA,NA,NA,NA,NA,NA,NA,NA,NA,NA,NA,NA,NA,-342.60739,512.13324,2601.99512,-236.94746,607.40143,2218.40259,NA,NA,NA,NA,NA,NA
649,6.48,NA,NA,NA,NA,NA,NA,NA,NA,NA,NA,NA,NA,NA,NA,NA,NA,NA,NA,NA,NA,NA,NA,NA,NA,NA,NA,NA,NA,NA,NA,NA,NA,NA,NA,NA,NA,NA,NA,NA,NA,NA,NA,NA,NA,NA,-340.91205,512.36713,2603.30127,-233.18729,606.73108,2225.57739,NA,NA,NA,NA,NA,NA
650,6.49,NA,NA,NA,NA,NA,NA,NA,NA,NA,NA,NA,NA,NA,NA,NA,NA,NA,NA,NA,NA,NA,NA,NA,NA,NA,NA,NA,NA,NA,NA,NA,NA,NA,NA,NA,NA,NA,NA,NA,NA,NA,NA,NA,NA,NA,-339.67172,512.01208,2604.73535,-229.66708,607.15729,2232.38208,NA,NA,NA,NA,NA,NA
651,6.5,NA,NA,NA,NA,NA,NA,NA,NA,NA,NA,NA,NA,NA,NA,NA,NA,NA,NA,NA,NA,NA,NA,NA,NA,NA,NA,NA,NA,NA,NA,NA,NA,NA,NA,NA,NA,NA,NA,NA,NA,NA,NA,NA,NA,NA,-338.00034,511.7182,2605.80029,-225.38345,606.6402,2238.2981,NA,NA,NA,NA,NA,NA
652,6.51,NA,NA,NA,NA,NA,NA,NA,NA,NA,NA,NA,NA,NA,NA,NA,NA,NA,NA,NA,NA,NA,NA,NA,NA,NA,NA,NA,NA,NA,NA,NA,NA,NA,NA,NA,NA,NA,NA,NA,NA,NA,NA,NA,NA,NA,-336.89108,512.39813,2607.13428,-221.5365,607.0993,2245.24902,NA,NA,NA,NA,NA,NA
653,6.52,NA,NA,NA,NA,NA,NA,NA,NA,NA,NA,NA,NA,NA,NA,NA,NA,NA,NA,NA,NA,NA,NA,NA,NA,NA,NA,NA,NA,NA,NA,NA,NA,NA,NA,NA,NA,NA,NA,NA,NA,NA,NA,NA,NA,NA,-336.31586,513.41388,2608.40186,-217.17392,607.15765,2248.69116,NA,NA,NA,NA,NA,NA
654,6.53,NA,NA,NA,NA,NA,NA,NA,NA,NA,NA,NA,NA,NA,NA,NA,NA,NA,NA,NA,NA,NA,NA,NA,NA,NA,NA,NA,NA,NA,NA,NA,NA,NA,NA,NA,NA,NA,NA,NA,NA,NA,NA,NA,NA,NA,-335.38376,513.80969,2609.33228,-213.00635,607.70856,2253.60522,NA,NA,NA,NA,NA,NA
655,6.54,NA,NA,NA,NA,NA,NA,NA,NA,NA,NA,NA,NA,NA,NA,NA,NA,NA,NA,NA,NA,NA,NA,NA,NA,NA,NA,NA,NA,NA,NA,NA,NA,NA,NA,NA,NA,NA,NA,NA,NA,NA,NA,NA,NA,NA,-334.70407,514.34576,2610.3728,-208.5043,607.40057,2262.59131,NA,NA,NA,NA,NA,NA
656,6.55,NA,NA,NA,NA,NA,NA,NA,NA,NA,NA,NA,NA,NA,NA,NA,NA,NA,NA,NA,NA,NA,NA,NA,NA,NA,NA,NA,NA,NA,NA,NA,NA,NA,NA,NA,NA,NA,NA,NA,NA,NA,NA,NA,NA,NA,-334.35843,514.23492,2611.09912,-204.03745,607.57227,2269.37622,NA,NA,NA,NA,NA,NA
657,6.56,NA,NA,NA,NA,NA,NA,NA,NA,NA,NA,NA,NA,NA,NA,NA,NA,NA,NA,NA,NA,NA,NA,NA,NA,NA,NA,NA,NA,NA,NA,NA,NA,NA,NA,NA,NA,NA,NA,NA,NA,NA,NA,NA,NA,NA,-334.55499,514.19104,2612.15967,-199.60399,608.34784,2272.68164,NA,NA,NA,NA,NA,NA
658,6.57,NA,NA,NA,NA,NA,NA,NA,NA,NA,NA,NA,NA,NA,NA,NA,NA,NA,NA,NA,NA,NA,NA,NA,NA,NA,NA,NA,NA,NA,NA,NA,NA,NA,NA,NA,NA,NA,NA,NA,NA,NA,NA,NA,NA,NA,-335.08615,513.83069,2613.32666,-195.05273,607.98163,2283.52637,NA,NA,NA,NA,NA,NA
659,6.58,NA,NA,NA,NA,NA,NA,NA,NA,NA,NA,NA,NA,NA,NA,NA,NA,NA,NA,NA,NA,NA,NA,NA,NA,NA,NA,NA,NA,NA,NA,NA,NA,NA,NA,NA,NA,NA,NA,NA,NA,NA,NA,NA,NA,NA,-335.91452,513.85596,2613.86865,-190.50272,608.08459,2290.2605,NA,NA,NA,NA,NA,NA
660,6.59,NA,NA,NA,NA,NA,NA,NA,NA,NA,NA,NA,NA,NA,NA,NA,NA,NA,NA,NA,NA,NA,NA,NA,NA,NA,NA,NA,NA,NA,NA,NA,NA,NA,NA,NA,NA,NA,NA,NA,NA,NA,NA,NA,NA,NA,-337.28903,513.16553,2614.50928,-185.96785,609.76886,2292.72314,NA,NA,NA,NA,NA,NA
661,6.6,NA,NA,NA,NA,NA,NA,NA,NA,NA,NA,NA,NA,NA,NA,NA,NA,NA,NA,NA,NA,NA,NA,NA,NA,NA,NA,NA,NA,NA,NA,NA,NA,NA,NA,NA,NA,NA,NA,NA,NA,NA,NA,NA,NA,NA,-339.27121,513.08252,2615.03882,-181.4218,609.33051,2301.00073,NA,NA,NA,NA,NA,NA
662,6.61,NA,NA,NA,NA,NA,NA,NA,NA,NA,NA,NA,NA,NA,NA,NA,NA,NA,NA,NA,NA,NA,NA,NA,NA,NA,NA,NA,NA,NA,NA,NA,NA,NA,NA,NA,NA,NA,NA,NA,NA,NA,NA,NA,NA,NA,-341.22028,512.80444,2615.63086,-176.82858,608.41638,2308.10913,NA,NA,NA,NA,NA,NA
663,6.62,NA,NA,NA,NA,NA,NA,NA,NA,NA,NA,NA,NA,NA,NA,NA,NA,NA,NA,NA,NA,NA,NA,NA,NA,NA,NA,NA,NA,NA,NA,NA,NA,NA,NA,NA,NA,NA,NA,NA,NA,NA,NA,NA,NA,NA,-343.96014,513.04852,2616.69409,-172.55786,608.0661,2315.3125,NA,NA,NA,NA,NA,NA
664,6.63,NA,NA,NA,NA,NA,NA,NA,NA,NA,NA,NA,NA,NA,NA,NA,NA,NA,NA,NA,NA,NA,NA,NA,NA,NA,NA,NA,NA,NA,NA,NA,NA,NA,NA,NA,NA,NA,NA,NA,NA,NA,NA,NA,NA,NA,-347.04388,513.04132,2616.67505,-166.46266,608.62329,2316.87573,NA,NA,NA,NA,NA,NA
665,6.64,NA,NA,NA,NA,NA,NA,NA,NA,NA,NA,NA,NA,NA,NA,NA,NA,NA,NA,NA,NA,NA,NA,NA,NA,NA,NA,NA,NA,NA,NA,NA,NA,NA,NA,NA,NA,NA,NA,NA,NA,NA,NA,NA,NA,NA,-350.54828,513.53351,2617.28931,-162.08444,608.82733,2323.42383,NA,NA,NA,NA,NA,NA
666,6.65,NA,NA,NA,NA,NA,NA,NA,NA,NA,NA,NA,NA,NA,NA,NA,NA,NA,NA,NA,NA,NA,NA,NA,NA,NA,NA,NA,NA,NA,NA,NA,NA,NA,NA,NA,NA,NA,NA,NA,NA,NA,NA,NA,NA,NA,-354.44424,514.034,2618.30615,-157.6134,608.27008,2330.04712,NA,NA,NA,NA,NA,NA
667,6.66,NA,NA,NA,NA,NA,NA,NA,NA,NA,NA,NA,NA,NA,NA,NA,NA,NA,NA,NA,NA,NA,NA,NA,NA,NA,NA,NA,NA,NA,NA,NA,NA,NA,NA,NA,NA,NA,NA,NA,NA,NA,NA,NA,NA,NA,-358.05399,513.81329,2617.8877,-153.99918,607.92456,2335.00049,NA,NA,NA,NA,NA,NA
668,6.67,NA,NA,NA,NA,NA,NA,NA,NA,NA,NA,NA,NA,NA,NA,NA,NA,NA,NA,NA,NA,NA,NA,NA,NA,NA,NA,NA,NA,NA,NA,NA,NA,NA,NA,NA,NA,NA,NA,NA,NA,NA,NA,NA,NA,NA,-361.49631,513.83936,2617.86206,-150.37958,607.45905,2340.37793,NA,NA,NA,NA,NA,NA
669,6.68,NA,NA,NA,NA,NA,NA,NA,NA,NA,NA,NA,NA,NA,NA,NA,NA,NA,NA,NA,NA,NA,NA,NA,NA,NA,NA,NA,NA,NA,NA,NA,NA,NA,NA,NA,NA,NA,NA,NA,NA,NA,NA,NA,NA,NA,-365.02371,513.729,2617.65503,-146.50131,608.00751,2347.32056,NA,NA,NA,NA,NA,NA
670,6.69,NA,NA,NA,NA,NA,NA,NA,NA,NA,NA,NA,NA,NA,NA,NA,NA,NA,NA,NA,NA,NA,NA,NA,NA,NA,NA,NA,NA,NA,NA,NA,NA,NA,NA,NA,NA,NA,NA,NA,NA,NA,NA,NA,NA,NA,-368.72672,513.30658,2617.08691,-141.31537,607.74207,2354.61938,NA,NA,NA,NA,NA,NA
671,6.7,NA,NA,NA,NA,NA,NA,NA,NA,NA,NA,NA,NA,NA,NA,NA,NA,NA,NA,NA,NA,NA,NA,NA,NA,NA,NA,NA,NA,NA,NA,NA,NA,NA,NA,NA,NA,NA,NA,NA,NA,NA,NA,NA,NA,NA,-372.03134,513.66095,2617.32788,-137.11436,608.07886,2360.15845,NA,NA,NA,NA,NA,NA
672,6.71,NA,NA,NA,NA,NA,NA,NA,NA,NA,NA,NA,NA,NA,NA,NA,NA,NA,NA,NA,NA,NA,NA,NA,NA,NA,NA,NA,NA,NA,NA,NA,NA,NA,NA,NA,NA,NA,NA,NA,NA,NA,NA,NA,NA,NA,-375.02368,514.19318,2617.52148,-132.6875,607.75824,2364.3479,NA,NA,NA,NA,NA,NA
673,6.72,NA,NA,NA,NA,NA,NA,NA,NA,NA,NA,NA,NA,NA,NA,NA,NA,NA,NA,NA,NA,NA,NA,NA,NA,NA,NA,NA,NA,NA,NA,NA,NA,NA,NA,NA,NA,NA,NA,NA,NA,NA,NA,NA,NA,NA,-377.17908,513.72266,2616.64038,-128.35333,607.97729,2369.74194,NA,NA,NA,NA,NA,NA
674,6.73,NA,NA,NA,NA,NA,NA,NA,NA,NA,NA,NA,NA,NA,NA,NA,NA,NA,NA,NA,NA,NA,NA,NA,NA,NA,NA,NA,NA,NA,NA,NA,NA,NA,NA,NA,NA,NA,NA,NA,NA,NA,NA,NA,NA,NA,-378.99402,513.68872,2615.37842,-123.57244,607.72083,2376.24219,NA,NA,NA,NA,NA,NA
675,6.74,NA,NA,NA,NA,NA,NA,NA,NA,NA,NA,NA,NA,NA,NA,NA,NA,NA,NA,NA,NA,NA,NA,NA,NA,NA,NA,NA,NA,NA,NA,NA,NA,NA,NA,NA,NA,NA,NA,NA,NA,NA,NA,NA,NA,NA,-381.04123,513.74304,2614.58423,-119.3947,607.18945,2380.66089,NA,NA,NA,NA,NA,NA
676,6.75,NA,NA,NA,NA,NA,NA,NA,NA,NA,NA,NA,NA,NA,NA,NA,NA,NA,NA,NA,NA,NA,NA,NA,NA,NA,NA,NA,NA,NA,NA,NA,NA,NA,NA,NA,NA,NA,NA,NA,NA,NA,NA,NA,NA,NA,-383.23276,513.97101,2613.59741,-114.56008,607.07703,2387.10254,NA,NA,NA,NA,NA,NA
677,6.76,NA,NA,NA,NA,NA,NA,NA,NA,NA,NA,NA,NA,NA,NA,NA,NA,NA,NA,NA,NA,NA,NA,NA,NA,NA,NA,NA,NA,NA,NA,NA,NA,NA,NA,NA,NA,NA,NA,NA,NA,NA,NA,NA,NA,NA,-385.00476,513.60297,2612.10059,-110.00872,606.63239,2392.36938,NA,NA,NA,NA,NA,NA
678,6.77,NA,NA,NA,NA,NA,NA,NA,NA,NA,NA,NA,NA,NA,NA,NA,NA,NA,NA,NA,NA,NA,NA,NA,NA,NA,NA,NA,NA,NA,NA,NA,NA,NA,NA,NA,NA,NA,NA,NA,NA,NA,NA,NA,NA,NA,-387.29428,513.67657,2611.67627,-106.29811,606.97211,2397.30078,NA,NA,NA,NA,NA,NA
679,6.78,NA,NA,NA,NA,NA,NA,NA,NA,NA,NA,NA,NA,NA,NA,NA,NA,NA,NA,NA,NA,NA,NA,NA,NA,NA,NA,NA,NA,NA,NA,NA,NA,NA,NA,NA,NA,NA,NA,NA,NA,NA,NA,NA,NA,NA,-388.96143,513.59473,2609.50073,-102.63796,606.61163,2401.92603,NA,NA,NA,NA,NA,NA
680,6.79,NA,NA,NA,NA,NA,NA,NA,NA,NA,NA,NA,NA,NA,NA,NA,NA,NA,NA,NA,NA,NA,NA,NA,NA,NA,NA,NA,NA,NA,NA,NA,NA,NA,NA,NA,NA,NA,NA,NA,NA,NA,NA,NA,NA,NA,-391.00601,513.85797,2608.79541,-98.39777,606.29193,2409.44116,NA,NA,NA,NA,NA,NA
681,6.8,NA,NA,NA,NA,NA,NA,NA,NA,NA,NA,NA,NA,NA,NA,NA,NA,NA,NA,NA,NA,NA,NA,NA,NA,NA,NA,NA,NA,NA,NA,NA,NA,NA,NA,NA,NA,NA,NA,NA,NA,NA,NA,NA,NA,NA,-392.0878,513.33807,2606.60718,-94.54624,606.1767,2415.73438,NA,NA,NA,NA,NA,NA
682,6.81,NA,NA,NA,NA,NA,NA,NA,NA,NA,NA,NA,NA,NA,NA,NA,NA,NA,NA,NA,NA,NA,NA,NA,NA,NA,NA,NA,NA,NA,NA,NA,NA,NA,NA,NA,NA,NA,NA,NA,NA,NA,NA,NA,NA,NA,-393.96121,513.55914,2605.87451,-91.33344,605.61676,2419.79077,NA,NA,NA,NA,NA,NA
683,6.82,NA,NA,NA,NA,NA,NA,NA,NA,NA,NA,NA,NA,NA,NA,NA,NA,NA,NA,NA,NA,NA,NA,NA,NA,NA,NA,NA,NA,NA,NA,NA,NA,NA,NA,NA,NA,NA,NA,NA,NA,NA,NA,NA,NA,NA,-395.13116,513.78809,2604.56885,-87.15846,606.02209,2427.7876,NA,NA,NA,NA,NA,NA
684,6.83,NA,NA,NA,NA,NA,NA,NA,NA,NA,NA,NA,NA,NA,NA,NA,NA,NA,NA,NA,NA,NA,NA,NA,NA,NA,NA,NA,NA,NA,NA,NA,NA,NA,NA,NA,NA,NA,NA,NA,NA,NA,NA,NA,NA,NA,-396.37341,513.71381,2602.96558,-82.93474,605.07922,2432.52441,NA,NA,NA,NA,NA,NA
685,6.84,NA,NA,NA,NA,NA,NA,NA,NA,NA,NA,NA,NA,NA,NA,NA,NA,NA,NA,NA,NA,NA,NA,NA,NA,NA,NA,NA,NA,NA,NA,NA,NA,NA,NA,NA,NA,NA,NA,NA,NA,NA,NA,NA,NA,NA,-396.99762,513.14172,2601.14307,-79.91342,603.12903,2435.91992,NA,NA,NA,NA,NA,NA
686,6.85,NA,NA,NA,NA,NA,NA,NA,NA,NA,NA,NA,NA,NA,NA,NA,NA,NA,NA,NA,NA,NA,NA,NA,NA,NA,NA,NA,NA,NA,NA,NA,NA,NA,NA,NA,NA,NA,NA,NA,NA,NA,NA,NA,NA,NA,-397.8606,513.23022,2599.96118,-78.05548,603.13892,2440.61304,NA,NA,NA,NA,NA,NA
687,6.86,NA,NA,NA,NA,NA,NA,NA,NA,NA,NA,NA,NA,NA,NA,NA,NA,NA,NA,NA,NA,NA,NA,NA,NA,NA,NA,NA,NA,NA,NA,NA,NA,NA,NA,NA,NA,NA,NA,NA,NA,NA,NA,NA,NA,NA,-398.65948,513.34381,2598.38403,-73.59593,603.16266,2445.66235,NA,NA,NA,NA,NA,NA
688,6.87,NA,NA,NA,NA,NA,NA,NA,NA,NA,NA,NA,NA,NA,NA,NA,NA,NA,NA,NA,NA,NA,NA,NA,NA,NA,NA,NA,NA,NA,NA,NA,NA,NA,NA,NA,NA,NA,NA,NA,NA,NA,NA,NA,NA,NA,-399.23569,513.69305,2596.80029,-73.00195,603.85144,2449.33276,NA,NA,NA,NA,NA,NA
689,6.88,NA,NA,NA,NA,NA,NA,NA,NA,NA,NA,NA,NA,NA,NA,NA,NA,NA,NA,NA,NA,NA,NA,NA,NA,NA,NA,NA,NA,NA,NA,NA,NA,NA,NA,NA,NA,NA,NA,NA,NA,NA,NA,NA,NA,NA,-399.43781,513.72168,2595.19019,-69.46198,602.65558,2452.36816,NA,NA,NA,NA,NA,NA
690,6.89,NA,NA,NA,NA,NA,NA,NA,NA,NA,NA,NA,NA,NA,NA,NA,NA,NA,NA,NA,NA,NA,NA,NA,NA,NA,NA,NA,NA,NA,NA,NA,NA,NA,NA,NA,NA,NA,NA,NA,NA,NA,NA,NA,NA,NA,-399.4263,513.73309,2592.60596,-67.331,603.32684,2455.3103,NA,NA,NA,NA,NA,NA
691,6.9,NA,NA,NA,NA,NA,NA,NA,NA,NA,NA,NA,NA,NA,NA,NA,NA,NA,NA,NA,NA,NA,NA,NA,NA,NA,NA,NA,NA,NA,NA,NA,NA,NA,NA,NA,NA,NA,NA,NA,NA,NA,NA,NA,NA,NA,-399.49448,513.41333,2591.01294,-65.3142,605.11768,2458.62622,NA,NA,NA,NA,NA,NA
692,6.91,NA,NA,NA,NA,NA,NA,NA,NA,NA,NA,NA,NA,NA,NA,NA,NA,NA,NA,NA,NA,NA,NA,NA,NA,NA,NA,NA,NA,NA,NA,NA,NA,NA,NA,NA,NA,NA,NA,NA,NA,NA,NA,NA,NA,NA,-399.66568,514.62317,2588.57837,-60.83606,605.55048,2461.13916,NA,NA,NA,NA,NA,NA
693,6.92,NA,NA,NA,NA,NA,NA,NA,NA,NA,NA,NA,NA,NA,NA,NA,NA,NA,NA,NA,NA,NA,NA,NA,NA,NA,NA,NA,NA,NA,NA,NA,NA,NA,NA,NA,NA,NA,NA,NA,NA,NA,NA,NA,NA,NA,-399.43411,514.75549,2586.55029,-58.51307,606.81854,2462.95654,NA,NA,NA,NA,NA,NA
694,6.93,NA,NA,NA,NA,NA,NA,NA,NA,NA,NA,NA,NA,NA,NA,NA,NA,NA,NA,NA,NA,NA,NA,NA,NA,NA,NA,NA,NA,NA,NA,NA,NA,NA,NA,NA,NA,NA,NA,NA,NA,NA,NA,NA,NA,NA,-398.24271,513.93439,2582.42969,-54.542,609.77203,2467.42554,NA,NA,NA,NA,NA,NA
695,6.94,NA,NA,NA,NA,NA,NA,NA,NA,NA,NA,NA,NA,NA,NA,NA,NA,NA,NA,NA,NA,NA,NA,NA,NA,NA,NA,NA,NA,NA,NA,NA,NA,NA,NA,NA,NA,NA,NA,NA,NA,NA,NA,NA,NA,NA,-397.92535,514.20001,2579.52734,-51.84122,610.50946,2468.76831,NA,NA,NA,NA,NA,NA
696,6.95,NA,NA,NA,NA,NA,NA,NA,NA,NA,NA,NA,NA,NA,NA,NA,NA,NA,NA,NA,NA,NA,NA,NA,NA,NA,NA,NA,NA,NA,NA,NA,NA,NA,NA,NA,NA,NA,NA,NA,NA,NA,NA,NA,NA,NA,-396.5647,513.98895,2575.02539,-48.12958,610.82367,2470.9519,NA,NA,NA,NA,NA,NA
697,6.96,NA,NA,NA,NA,NA,NA,NA,NA,NA,NA,NA,NA,NA,NA,NA,NA,NA,NA,NA,NA,NA,NA,NA,NA,NA,NA,NA,NA,NA,NA,NA,NA,NA,NA,NA,NA,NA,NA,NA,NA,NA,NA,NA,NA,NA,-394.80902,513.72656,2569.97754,-45.1791,611.18158,2471.1499,NA,NA,NA,NA,NA,NA
698,6.97,NA,NA,NA,NA,NA,NA,NA,NA,NA,NA,NA,NA,NA,NA,NA,NA,NA,NA,NA,NA,NA,NA,NA,NA,NA,NA,NA,NA,NA,NA,NA,NA,NA,NA,NA,NA,NA,NA,NA,NA,NA,NA,NA,NA,NA,-392.78961,512.72064,2564.01074,-41.51863,609.67285,2474.66724,NA,NA,NA,NA,NA,NA
699,6.98,NA,NA,NA,NA,NA,NA,NA,NA,NA,NA,NA,NA,NA,NA,NA,NA,NA,NA,NA,NA,NA,NA,NA,NA,NA,NA,NA,NA,NA,NA,NA,NA,NA,NA,NA,NA,NA,NA,NA,NA,NA,NA,NA,NA,NA,-390.76767,510.98239,2557.52905,-38.40628,608.98047,2474.99438,NA,NA,NA,NA,NA,NA
700,6.99,NA,NA,NA,NA,NA,NA,NA,NA,NA,NA,NA,NA,NA,NA,NA,NA,NA,NA,NA,NA,NA,NA,NA,NA,NA,NA,NA,NA,NA,NA,NA,NA,NA,NA,NA,NA,NA,NA,NA,NA,NA,NA,NA,NA,NA,-388.79013,508.62933,2550.82202,-33.85516,608.13806,2475.96851,NA,NA,NA,NA,NA,NA
701,7,NA,NA,NA,NA,NA,NA,NA,NA,NA,NA,NA,NA,NA,NA,NA,NA,NA,NA,NA,NA,NA,NA,NA,NA,NA,NA,NA,NA,NA,NA,NA,NA,NA,NA,NA,NA,NA,NA,NA,NA,NA,NA,NA,NA,NA,-386.46042,505.00958,2543.74951,-30.90162,608.80176,2478.88159,NA,NA,NA,NA,NA,NA
702,7.01,NA,NA,NA,NA,NA,NA,NA,NA,NA,NA,NA,NA,NA,NA,NA,NA,NA,NA,NA,NA,NA,NA,NA,NA,NA,NA,NA,NA,NA,NA,NA,NA,NA,NA,NA,NA,NA,NA,NA,NA,NA,NA,NA,NA,NA,-384.56363,502.40555,2536.75903,-28.27409,608.08093,2479.08765,NA,NA,NA,NA,NA,NA
703,7.02,NA,NA,NA,NA,NA,NA,NA,NA,NA,NA,NA,NA,NA,NA,NA,NA,NA,NA,NA,NA,NA,NA,NA,NA,NA,NA,NA,NA,NA,NA,NA,NA,NA,NA,NA,NA,NA,NA,NA,NA,NA,NA,NA,NA,NA,-382.72552,500.40125,2530.10352,-24.66689,606.57037,2477.60083,NA,NA,NA,NA,NA,NA
704,7.03,NA,NA,NA,NA,NA,NA,NA,NA,NA,NA,NA,NA,NA,NA,NA,NA,NA,NA,NA,NA,NA,NA,NA,NA,NA,NA,NA,NA,NA,NA,NA,NA,NA,NA,NA,NA,NA,NA,NA,NA,NA,NA,NA,NA,NA,-381.80621,499.96277,2524.74683,-22.9483,606.68964,2476.18091,NA,NA,NA,NA,NA,NA
705,7.04,NA,NA,NA,NA,NA,NA,NA,NA,NA,NA,NA,NA,NA,NA,NA,NA,NA,NA,NA,NA,NA,NA,NA,NA,NA,NA,NA,NA,NA,NA,NA,NA,NA,NA,NA,NA,NA,NA,NA,NA,NA,NA,NA,NA,NA,-381.41159,501.01974,2519.71777,-19.45162,607.44696,2475.82056,NA,NA,NA,NA,NA,NA
706,7.05,NA,NA,NA,NA,NA,NA,NA,NA,NA,NA,NA,NA,NA,NA,NA,NA,NA,NA,NA,NA,NA,NA,NA,NA,NA,NA,NA,NA,NA,NA,NA,NA,NA,NA,NA,NA,NA,NA,NA,NA,NA,NA,NA,NA,NA,-380.92947,502.17139,2514.76074,-16.36466,607.98938,2476.03076,NA,NA,NA,NA,NA,NA
707,7.06,NA,NA,NA,NA,NA,NA,NA,NA,NA,NA,NA,NA,NA,NA,NA,NA,NA,NA,NA,NA,NA,NA,NA,NA,NA,NA,NA,NA,NA,NA,NA,NA,NA,NA,NA,NA,NA,NA,NA,NA,NA,NA,NA,NA,NA,NA,NA,NA,-13.82241,608.27399,2474.91846,NA,NA,NA,NA,NA,NA
708,7.07,NA,NA,NA,NA,NA,NA,NA,NA,NA,NA,NA,NA,NA,NA,NA,NA,NA,NA,NA,NA,NA,NA,NA,NA,NA,NA,NA,NA,NA,NA,NA,NA,NA,NA,NA,NA,NA,NA,NA,NA,NA,NA,NA,NA,NA,NA,NA,NA,-10.138,609.62378,2475.7146,NA,NA,NA,NA,NA,NA
709,7.08,NA,NA,NA,NA,NA,NA,NA,NA,NA,NA,NA,NA,NA,NA,NA,NA,NA,NA,NA,NA,NA,NA,NA,NA,NA,NA,NA,NA,NA,NA,NA,NA,NA,NA,NA,NA,NA,NA,NA,NA,NA,NA,NA,NA,NA,NA,NA,NA,-6.4099,611.53223,2473.43677,NA,NA,NA,NA,NA,NA
710,7.09,NA,NA,NA,NA,NA,NA,NA,NA,NA,NA,NA,NA,NA,NA,NA,NA,NA,NA,NA,NA,NA,NA,NA,NA,NA,NA,NA,NA,NA,NA,NA,NA,NA,NA,NA,NA,NA,NA,NA,NA,NA,NA,NA,NA,NA,NA,NA,NA,-5.23201,609.59296,2473.34692,NA,NA,NA,NA,NA,NA
711,7.1,NA,NA,NA,NA,NA,NA,NA,NA,NA,NA,NA,NA,NA,NA,NA,NA,NA,NA,NA,NA,NA,NA,NA,NA,NA,NA,NA,NA,NA,NA,NA,NA,NA,NA,NA,NA,NA,NA,NA,NA,NA,NA,NA,NA,NA,NA,NA,NA,-2.61417,610.06964,2473.81592,NA,NA,NA,NA,NA,NA
712,7.11,NA,NA,NA,NA,NA,NA,NA,NA,NA,NA,NA,NA,NA,NA,NA,NA,NA,NA,NA,NA,NA,NA,NA,NA,NA,NA,NA,NA,NA,NA,NA,NA,NA,NA,NA,NA,NA,NA,NA,NA,NA,NA,NA,NA,NA,NA,NA,NA,-1.01172,609.51459,2472.80786,NA,NA,NA,NA,NA,NA
713,7.12,NA,NA,NA,NA,NA,NA,NA,NA,NA,NA,NA,NA,NA,NA,NA,NA,NA,NA,NA,NA,NA,NA,NA,NA,NA,NA,NA,NA,NA,NA,NA,NA,NA,NA,NA,NA,NA,NA,NA,NA,NA,NA,NA,NA,NA,NA,NA,NA,-0.23625,609.57031,2472.1001,NA,NA,NA,NA,NA,NA
714,7.13,NA,NA,NA,NA,NA,NA,NA,NA,NA,NA,NA,NA,NA,NA,NA,NA,NA,NA,NA,NA,NA,NA,NA,NA,NA,NA,NA,NA,NA,NA,NA,NA,NA,NA,NA,NA,NA,NA,NA,NA,NA,NA,NA,NA,NA,NA,NA,NA,1.90324,609.97748,2472.68164,NA,NA,NA,NA,NA,NA
715,7.14,NA,NA,NA,NA,NA,NA,NA,NA,NA,NA,NA,NA,NA,NA,NA,NA,NA,NA,NA,NA,NA,NA,NA,NA,NA,NA,NA,NA,NA,NA,NA,NA,NA,NA,NA,NA,NA,NA,NA,NA,NA,NA,NA,NA,NA,NA,NA,NA,3.09483,609.1817,2472.07153,NA,NA,NA,NA,NA,NA
716,7.15,NA,NA,NA,NA,NA,NA,NA,NA,NA,NA,NA,NA,NA,NA,NA,NA,NA,NA,NA,NA,NA,NA,NA,NA,NA,NA,NA,NA,NA,NA,NA,NA,NA,NA,NA,NA,NA,NA,NA,NA,NA,NA,NA,NA,NA,NA,NA,NA,4.56665,608.89655,2471.98096,NA,NA,NA,NA,NA,NA
717,7.16,NA,NA,NA,NA,NA,NA,NA,NA,NA,NA,NA,NA,NA,NA,NA,NA,NA,NA,NA,NA,NA,NA,NA,NA,NA,NA,NA,NA,NA,NA,NA,NA,NA,NA,NA,NA,NA,NA,NA,NA,NA,NA,NA,NA,NA,NA,NA,NA,5.0124,608.69641,2471.77246,NA,NA,NA,NA,NA,NA
718,7.17,NA,NA,NA,NA,NA,NA,NA,NA,NA,NA,NA,NA,NA,NA,NA,NA,NA,NA,NA,NA,NA,NA,NA,NA,NA,NA,NA,NA,NA,NA,NA,NA,NA,NA,NA,NA,NA,NA,NA,NA,NA,NA,NA,NA,NA,NA,NA,NA,5.25419,608.46045,2471.78711,NA,NA,NA,NA,NA,NA
719,7.18,NA,NA,NA,NA,NA,NA,NA,NA,NA,NA,NA,NA,NA,NA,NA,NA,NA,NA,NA,NA,NA,NA,NA,NA,NA,NA,NA,NA,NA,NA,NA,NA,NA,NA,NA,NA,NA,NA,NA,NA,NA,NA,NA,NA,NA,NA,NA,NA,5.28789,607.69257,2470.67676,NA,NA,NA,NA,NA,NA
720,7.19,NA,NA,NA,NA,NA,NA,NA,NA,NA,NA,NA,NA,NA,NA,NA,NA,NA,NA,NA,NA,NA,NA,NA,NA,NA,NA,NA,NA,NA,NA,NA,NA,NA,NA,NA,NA,NA,NA,NA,NA,NA,NA,NA,NA,NA,NA,NA,NA,5.43506,607.6131,2470.52539,NA,NA,NA,NA,NA,NA
721,7.2,NA,NA,NA,NA,NA,NA,NA,NA,NA,NA,NA,NA,NA,NA,NA,NA,NA,NA,NA,NA,NA,NA,NA,NA,NA,NA,NA,NA,NA,NA,NA,NA,NA,NA,NA,NA,NA,NA,NA,NA,NA,NA,NA,NA,NA,NA,NA,NA,5.37737,607.37122,2470.62476,NA,NA,NA,NA,NA,NA
722,7.21,NA,NA,NA,NA,NA,NA,NA,NA,NA,NA,NA,NA,NA,NA,NA,NA,NA,NA,NA,NA,NA,NA,NA,NA,NA,NA,NA,NA,NA,NA,NA,NA,NA,NA,NA,NA,NA,NA,NA,NA,NA,NA,NA,NA,NA,NA,NA,NA,5.15059,607.34015,2470.60034,NA,NA,NA,NA,NA,NA
723,7.22,NA,NA,NA,NA,NA,NA,NA,NA,NA,NA,NA,NA,NA,NA,NA,NA,NA,NA,NA,NA,NA,NA,NA,NA,NA,NA,NA,NA,NA,NA,NA,NA,NA,NA,NA,NA,NA,NA,NA,NA,NA,NA,NA,NA,NA,NA,NA,NA,4.83711,606.97388,2469.55688,NA,NA,NA,NA,NA,NA
724,7.23,NA,NA,NA,NA,NA,NA,NA,NA,NA,NA,NA,NA,NA,NA,NA,NA,NA,NA,NA,NA,NA,NA,NA,NA,NA,NA,NA,NA,NA,NA,NA,NA,NA,NA,NA,NA,NA,NA,NA,NA,NA,NA,NA,NA,NA,NA,NA,NA,4.19442,607.01666,2468.52441,NA,NA,NA,NA,NA,NA
725,7.24,NA,NA,NA,NA,NA,NA,NA,NA,NA,NA,NA,NA,NA,NA,NA,NA,NA,NA,NA,NA,NA,NA,NA,NA,NA,NA,NA,NA,NA,NA,NA,NA,NA,NA,NA,NA,NA,NA,NA,NA,NA,NA,NA,NA,NA,NA,NA,NA,3.88234,606.8327,2468.75366,NA,NA,NA,NA,NA,NA
726,7.25,NA,NA,NA,NA,NA,NA,NA,NA,NA,NA,NA,NA,NA,NA,NA,NA,NA,NA,NA,NA,NA,NA,NA,NA,NA,NA,NA,NA,NA,NA,NA,NA,NA,NA,NA,NA,NA,NA,NA,NA,NA,NA,NA,NA,NA,NA,NA,NA,2.91977,606.65546,2468.23853,NA,NA,NA,NA,NA,NA
727,7.26,NA,NA,NA,NA,NA,NA,NA,NA,NA,NA,NA,NA,NA,NA,NA,NA,NA,NA,NA,NA,NA,NA,NA,NA,NA,NA,NA,NA,NA,NA,NA,NA,NA,NA,NA,NA,NA,NA,NA,NA,NA,NA,NA,NA,NA,NA,NA,NA,2.05166,606.99554,2468.35645,NA,NA,NA,NA,NA,NA
728,7.27,NA,NA,NA,NA,NA,NA,NA,NA,NA,NA,NA,NA,NA,NA,NA,NA,NA,NA,NA,NA,NA,NA,NA,NA,NA,NA,NA,NA,NA,NA,NA,NA,NA,NA,NA,NA,NA,NA,NA,NA,NA,NA,NA,NA,NA,NA,NA,NA,1.17613,606.65045,2469.49658,NA,NA,NA,NA,NA,NA
729,7.28,NA,NA,NA,NA,NA,NA,NA,NA,NA,NA,NA,NA,NA,NA,NA,NA,NA,NA,NA,NA,NA,NA,NA,NA,NA,NA,NA,NA,NA,NA,NA,NA,NA,NA,NA,NA,NA,NA,NA,NA,NA,NA,NA,NA,NA,NA,NA,NA,0.04302,607.50317,2470.16211,NA,NA,NA,NA,NA,NA
730,7.29,NA,NA,NA,NA,NA,NA,NA,NA,NA,NA,NA,NA,NA,NA,NA,NA,NA,NA,NA,NA,NA,NA,NA,NA,NA,NA,NA,NA,NA,NA,NA,NA,NA,NA,NA,NA,NA,NA,NA,NA,NA,NA,NA,NA,NA,NA,NA,NA,-0.93983,607.15302,2471.48584,NA,NA,NA,NA,NA,NA
731,7.3,NA,NA,NA,NA,NA,NA,NA,NA,NA,NA,NA,NA,NA,NA,NA,NA,NA,NA,NA,NA,NA,NA,NA,NA,NA,NA,NA,NA,NA,NA,NA,NA,NA,NA,NA,NA,NA,NA,NA,NA,NA,NA,NA,NA,NA,NA,NA,NA,-2.0541,606.73492,2473.17285,NA,NA,NA,NA,NA,NA
732,7.31,NA,NA,NA,NA,NA,NA,NA,NA,NA,NA,NA,NA,NA,NA,NA,NA,NA,NA,NA,NA,NA,NA,NA,NA,NA,NA,NA,NA,NA,NA,NA,NA,NA,NA,NA,NA,NA,NA,NA,NA,NA,NA,NA,NA,NA,NA,NA,NA,-3.19489,606.49323,2474.44775,NA,NA,NA,NA,NA,NA
733,7.32,NA,NA,NA,NA,NA,NA,NA,NA,NA,NA,NA,NA,NA,NA,NA,NA,NA,NA,NA,NA,NA,NA,NA,NA,NA,NA,NA,NA,NA,NA,NA,NA,NA,NA,NA,NA,NA,NA,NA,NA,NA,NA,NA,NA,NA,NA,NA,NA,-4.50404,606.32593,2475.81348,NA,NA,NA,NA,NA,NA
734,7.33,NA,NA,NA,NA,NA,NA,NA,NA,NA,NA,NA,NA,NA,NA,NA,NA,NA,NA,NA,NA,NA,NA,NA,NA,NA,NA,NA,NA,NA,NA,NA,NA,NA,NA,NA,NA,NA,NA,NA,NA,NA,NA,NA,NA,NA,NA,NA,NA,-5.47314,606.25482,2476.60889,NA,NA,NA,NA,NA,NA
735,7.34,NA,NA,NA,NA,NA,NA,NA,NA,NA,NA,NA,NA,NA,NA,NA,NA,NA,NA,NA,NA,NA,NA,NA,NA,NA,NA,NA,NA,NA,NA,NA,NA,NA,NA,NA,NA,NA,NA,NA,NA,NA,NA,NA,NA,NA,NA,NA,NA,-7.38208,606.92804,2478.55688,NA,NA,NA,NA,NA,NA
736,7.35,NA,NA,NA,NA,NA,NA,NA,NA,NA,NA,NA,NA,NA,NA,NA,NA,NA,NA,NA,NA,NA,NA,NA,NA,NA,NA,NA,NA,NA,NA,NA,NA,NA,NA,NA,NA,NA,NA,NA,NA,NA,NA,NA,NA,NA,NA,NA,NA,-9.07079,606.71344,2479.0686,NA,NA,NA,NA,NA,NA
737,7.36,NA,NA,NA,NA,NA,NA,NA,NA,NA,NA,NA,NA,NA,NA,NA,NA,NA,NA,NA,NA,NA,NA,NA,NA,NA,NA,NA,NA,NA,NA,NA,NA,NA,NA,NA,NA,NA,NA,NA,NA,NA,NA,NA,NA,NA,NA,NA,NA,-10.42876,606.77863,2478.81274,NA,NA,NA,NA,NA,NA
738,7.37,NA,NA,NA,NA,NA,NA,NA,NA,NA,NA,NA,NA,NA,NA,NA,NA,NA,NA,NA,NA,NA,NA,NA,NA,NA,NA,NA,NA,NA,NA,NA,NA,NA,NA,NA,NA,NA,NA,NA,NA,NA,NA,NA,NA,NA,NA,NA,NA,-11.56315,607.33929,2480.28687,NA,NA,NA,NA,NA,NA
739,7.38,NA,NA,NA,NA,NA,NA,NA,NA,NA,NA,NA,NA,NA,NA,NA,NA,NA,NA,NA,NA,NA,NA,NA,NA,NA,NA,NA,NA,NA,NA,NA,NA,NA,NA,NA,NA,NA,NA,NA,NA,NA,NA,NA,NA,NA,NA,NA,NA,-12.50665,607.77832,2481.63989,NA,NA,NA,NA,NA,NA
740,7.39,NA,NA,NA,NA,NA,NA,NA,NA,NA,NA,NA,NA,NA,NA,NA,NA,NA,NA,NA,NA,NA,NA,NA,NA,NA,NA,NA,NA,NA,NA,NA,NA,NA,NA,NA,NA,NA,NA,NA,NA,NA,NA,NA,NA,NA,NA,NA,NA,-13.04269,607.70319,2482.18848,NA,NA,NA,NA,NA,NA
741,7.4,NA,NA,NA,NA,NA,NA,NA,NA,NA,NA,NA,NA,NA,NA,NA,NA,NA,NA,NA,NA,NA,NA,NA,NA,NA,NA,NA,NA,NA,NA,NA,NA,NA,NA,NA,NA,NA,NA,NA,NA,NA,NA,NA,NA,NA,NA,NA,NA,-13.57386,607.74915,2482.48071,NA,NA,NA,NA,NA,NA
742,7.41,NA,NA,NA,NA,NA,NA,NA,NA,NA,NA,NA,NA,NA,NA,NA,NA,NA,NA,NA,NA,NA,NA,NA,NA,NA,NA,NA,NA,NA,NA,NA,NA,NA,NA,NA,NA,NA,NA,NA,NA,NA,NA,NA,NA,NA,NA,NA,NA,-14.78102,606.46924,2482.98975,NA,NA,NA,NA,NA,NA
743,7.42,NA,NA,NA,NA,NA,NA,NA,NA,NA,NA,NA,NA,NA,NA,NA,NA,NA,NA,NA,NA,NA,NA,NA,NA,NA,NA,NA,NA,NA,NA,NA,NA,NA,NA,NA,NA,NA,NA,NA,NA,NA,NA,NA,NA,NA,NA,NA,NA,-15.5166,606.38275,2483.34009,NA,NA,NA,NA,NA,NA
744,7.43,NA,NA,NA,NA,NA,NA,NA,NA,NA,NA,NA,NA,NA,NA,NA,NA,NA,NA,NA,NA,NA,NA,NA,NA,NA,NA,NA,NA,NA,NA,NA,NA,NA,NA,NA,NA,NA,NA,NA,NA,NA,NA,NA,NA,NA,NA,NA,NA,-16.12704,606.09772,2483.91968,NA,NA,NA,NA,NA,NA
745,7.44,NA,NA,NA,NA,NA,NA,NA,NA,NA,NA,NA,NA,NA,NA,NA,NA,NA,NA,NA,NA,NA,NA,NA,NA,NA,NA,NA,NA,NA,NA,NA,NA,NA,NA,NA,NA,NA,NA,NA,NA,NA,NA,NA,NA,NA,NA,NA,NA,-16.98779,606.4397,2484.31665,NA,NA,NA,NA,NA,NA
746,7.45,NA,NA,NA,NA,NA,NA,NA,NA,NA,NA,NA,NA,NA,NA,NA,NA,NA,NA,NA,NA,NA,NA,NA,NA,NA,NA,NA,NA,NA,NA,NA,NA,NA,NA,NA,NA,NA,NA,NA,NA,NA,NA,NA,NA,NA,NA,NA,NA,-18.50386,605.67725,2483.29004,NA,NA,NA,NA,NA,NA
747,7.46,NA,NA,NA,NA,NA,NA,NA,NA,NA,NA,NA,NA,NA,NA,NA,NA,NA,NA,NA,NA,NA,NA,NA,NA,NA,NA,NA,NA,NA,NA,NA,NA,NA,NA,NA,NA,NA,NA,NA,NA,NA,NA,NA,NA,NA,NA,NA,NA,-19.22753,605.88678,2483.16748,NA,NA,NA,NA,NA,NA
748,7.47,NA,NA,NA,NA,NA,NA,NA,NA,NA,NA,NA,NA,NA,NA,NA,NA,NA,NA,NA,NA,NA,NA,NA,NA,NA,NA,NA,NA,NA,NA,NA,NA,NA,NA,NA,NA,NA,NA,NA,NA,NA,NA,NA,NA,NA,NA,NA,NA,-20.58274,606.21722,2482.92358,NA,NA,NA,NA,NA,NA
749,7.48,NA,NA,NA,NA,NA,NA,NA,NA,NA,NA,NA,NA,NA,NA,NA,NA,NA,NA,NA,NA,NA,NA,NA,NA,NA,NA,NA,NA,NA,NA,NA,NA,NA,NA,NA,NA,NA,NA,NA,NA,NA,NA,NA,NA,NA,NA,NA,NA,-22.01997,606.23376,2481.99512,NA,NA,NA,NA,NA,NA
750,7.49,NA,NA,NA,NA,NA,NA,NA,NA,NA,NA,NA,NA,NA,NA,NA,NA,NA,NA,NA,NA,NA,NA,NA,NA,NA,NA,NA,NA,NA,NA,NA,NA,NA,NA,NA,NA,NA,NA,NA,NA,NA,NA,NA,NA,NA,NA,NA,NA,-23.44078,605.58124,2480.58813,NA,NA,NA,NA,NA,NA
751,7.5,NA,NA,NA,NA,NA,NA,NA,NA,NA,NA,NA,NA,NA,NA,NA,NA,NA,NA,NA,NA,NA,NA,NA,NA,NA,NA,NA,NA,NA,NA,NA,NA,NA,NA,NA,NA,NA,NA,NA,NA,NA,NA,NA,NA,NA,NA,NA,NA,-25.14018,605.33209,2479.1665,NA,NA,NA,NA,NA,NA
752,7.51,NA,NA,NA,NA,NA,NA,NA,NA,NA,NA,NA,NA,NA,NA,NA,NA,NA,NA,NA,NA,NA,NA,NA,NA,NA,NA,NA,NA,NA,NA,NA,NA,NA,NA,NA,NA,NA,NA,NA,NA,NA,NA,NA,NA,NA,NA,NA,NA,-25.66566,605.45026,2478.95313,NA,NA,NA,NA,NA,NA
753,7.52,NA,NA,NA,NA,NA,NA,NA,NA,NA,NA,NA,NA,NA,NA,NA,NA,NA,NA,NA,NA,NA,NA,NA,NA,NA,NA,NA,NA,NA,NA,NA,NA,NA,NA,NA,NA,NA,NA,NA,NA,NA,NA,NA,NA,NA,NA,NA,NA,-26.87345,604.96307,2477.83496,NA,NA,NA,NA,NA,NA
754,7.53,NA,NA,NA,NA,NA,NA,NA,NA,NA,NA,NA,NA,NA,NA,NA,NA,NA,NA,NA,NA,NA,NA,NA,NA,NA,NA,NA,NA,NA,NA,NA,NA,NA,NA,NA,NA,NA,NA,NA,NA,NA,NA,NA,NA,NA,NA,NA,NA,-29.19517,604.22217,2475.35962,NA,NA,NA,NA,NA,NA
755,7.54,NA,NA,NA,NA,NA,NA,NA,NA,NA,NA,NA,NA,NA,NA,NA,NA,NA,NA,NA,NA,NA,NA,NA,NA,NA,NA,NA,NA,NA,NA,NA,NA,NA,NA,NA,NA,NA,NA,NA,NA,NA,NA,NA,NA,NA,NA,NA,NA,-29.91488,604.42639,2474.88696,NA,NA,NA,NA,NA,NA
756,7.55,NA,NA,NA,NA,NA,NA,NA,NA,NA,NA,NA,NA,NA,NA,NA,NA,NA,NA,NA,NA,NA,NA,NA,NA,NA,NA,NA,NA,NA,NA,NA,NA,NA,NA,NA,NA,NA,NA,NA,NA,NA,NA,NA,NA,NA,NA,NA,NA,-31.91092,603.64972,2472.48291,NA,NA,NA,NA,NA,NA
757,7.56,NA,NA,NA,NA,NA,NA,NA,NA,NA,NA,NA,NA,NA,NA,NA,NA,NA,NA,NA,NA,NA,NA,NA,NA,NA,NA,NA,NA,NA,NA,NA,NA,NA,NA,NA,NA,NA,NA,NA,NA,NA,NA,NA,NA,NA,NA,NA,NA,-34.22868,602.74359,2470.37817,NA,NA,NA,NA,NA,NA
758,7.57,NA,NA,NA,NA,NA,NA,NA,NA,NA,NA,NA,NA,NA,NA,NA,NA,NA,NA,NA,NA,NA,NA,NA,NA,NA,NA,NA,NA,NA,NA,NA,NA,NA,NA,NA,NA,NA,NA,NA,NA,NA,NA,NA,NA,NA,NA,NA,NA,-35.75456,603.55005,2470.60229,NA,NA,NA,NA,NA,NA
759,7.58,NA,NA,NA,NA,NA,NA,NA,NA,NA,NA,NA,NA,NA,NA,NA,NA,NA,NA,NA,NA,NA,NA,NA,NA,NA,NA,NA,NA,NA,NA,NA,NA,NA,NA,NA,NA,NA,NA,NA,NA,NA,NA,NA,NA,NA,NA,NA,NA,-37.32819,603.48456,2468.97314,NA,NA,NA,NA,NA,NA
760,7.59,NA,NA,NA,NA,NA,NA,NA,NA,NA,NA,NA,NA,NA,NA,NA,NA,NA,NA,NA,NA,NA,NA,NA,NA,NA,NA,NA,NA,NA,NA,NA,NA,NA,NA,NA,NA,NA,NA,NA,NA,NA,NA,NA,NA,NA,NA,NA,NA,-39.35959,602.64233,2467.81323,NA,NA,NA,NA,NA,NA
761,7.6,NA,NA,NA,NA,NA,NA,NA,NA,NA,NA,NA,NA,NA,NA,NA,NA,NA,NA,NA,NA,NA,NA,NA,NA,NA,NA,NA,NA,NA,NA,NA,NA,NA,NA,NA,NA,NA,NA,NA,NA,NA,NA,NA,NA,NA,NA,NA,NA,-39.96994,602.77557,2467.75757,NA,NA,NA,NA,NA,NA
762,7.61,NA,NA,NA,NA,NA,NA,NA,NA,NA,NA,NA,NA,NA,NA,NA,NA,NA,NA,NA,NA,NA,NA,NA,NA,NA,NA,NA,NA,NA,NA,NA,NA,NA,NA,NA,NA,NA,NA,NA,NA,NA,NA,NA,NA,NA,NA,NA,NA,-41.92809,603.48279,2467.521,NA,NA,NA,NA,NA,NA
763,7.62,NA,NA,NA,NA,NA,NA,NA,NA,NA,NA,NA,NA,NA,NA,NA,NA,NA,NA,NA,NA,NA,NA,NA,NA,NA,NA,NA,NA,NA,NA,NA,NA,NA,NA,NA,NA,NA,NA,NA,NA,NA,NA,NA,NA,NA,NA,NA,NA,-43.17357,601.60321,2464.42261,NA,NA,NA,NA,NA,NA
764,7.63,NA,NA,NA,NA,NA,NA,NA,NA,NA,NA,NA,NA,NA,NA,NA,NA,NA,NA,NA,NA,NA,NA,NA,NA,NA,NA,NA,NA,NA,NA,NA,NA,NA,NA,NA,NA,NA,NA,NA,NA,NA,NA,NA,NA,NA,NA,NA,NA,-44.50863,602.55841,2465.65112,NA,NA,NA,NA,NA,NA
765,7.64,NA,NA,NA,NA,NA,NA,NA,NA,NA,NA,NA,NA,NA,NA,NA,NA,NA,NA,NA,NA,NA,NA,NA,NA,NA,NA,NA,NA,NA,NA,NA,NA,NA,NA,NA,NA,NA,NA,NA,NA,NA,NA,NA,NA,NA,NA,NA,NA,-45.29924,602.66785,2465.80762,NA,NA,NA,NA,NA,NA
766,7.65,NA,NA,NA,NA,NA,NA,NA,NA,NA,NA,NA,NA,NA,NA,NA,NA,NA,NA,NA,NA,NA,NA,NA,NA,NA,NA,NA,NA,NA,NA,NA,NA,NA,NA,NA,NA,NA,NA,NA,NA,NA,NA,NA,NA,NA,NA,NA,NA,-46.72887,602.22101,2464.62378,NA,NA,NA,NA,NA,NA
767,7.66,NA,NA,NA,NA,NA,NA,NA,NA,NA,NA,NA,NA,NA,NA,NA,NA,NA,NA,NA,NA,NA,NA,NA,NA,NA,NA,NA,NA,NA,NA,NA,NA,NA,NA,NA,NA,NA,NA,NA,NA,NA,NA,NA,NA,NA,NA,NA,NA,-48.33641,601.17963,2462.67163,NA,NA,NA,NA,NA,NA
768,7.67,NA,NA,NA,NA,NA,NA,NA,NA,NA,NA,NA,NA,NA,NA,NA,NA,NA,NA,NA,NA,NA,NA,NA,NA,NA,NA,NA,NA,NA,NA,NA,NA,NA,NA,NA,NA,NA,NA,NA,NA,NA,NA,NA,NA,NA,NA,NA,NA,-48.93266,600.8335,2463.18311,NA,NA,NA,NA,NA,NA
769,7.68,NA,NA,NA,NA,NA,NA,NA,NA,NA,NA,NA,NA,NA,NA,NA,NA,NA,NA,NA,NA,NA,NA,NA,NA,NA,NA,NA,NA,NA,NA,NA,NA,NA,NA,NA,NA,NA,NA,NA,NA,NA,NA,NA,NA,NA,NA,NA,NA,-49.94992,602.25806,2464.06543,NA,NA,NA,NA,NA,NA
770,7.69,NA,NA,NA,NA,NA,NA,NA,NA,NA,NA,NA,NA,NA,NA,NA,NA,NA,NA,NA,NA,NA,NA,NA,NA,NA,NA,NA,NA,NA,NA,NA,NA,NA,NA,NA,NA,NA,NA,NA,NA,NA,NA,NA,NA,NA,NA,NA,NA,-50.21676,602.59344,2463.64844,NA,NA,NA,NA,NA,NA
771,7.7,NA,NA,NA,NA,NA,NA,NA,NA,NA,NA,NA,NA,NA,NA,NA,NA,NA,NA,NA,NA,NA,NA,NA,NA,NA,NA,NA,NA,NA,NA,NA,NA,NA,NA,NA,NA,NA,NA,NA,NA,NA,NA,NA,NA,NA,NA,NA,NA,-50.39676,602.05975,2462.8252,NA,NA,NA,NA,NA,NA
772,7.71,NA,NA,NA,NA,NA,NA,NA,NA,NA,NA,NA,NA,NA,NA,NA,NA,NA,NA,NA,NA,NA,NA,NA,NA,NA,NA,NA,NA,NA,NA,NA,NA,NA,NA,NA,NA,NA,NA,NA,NA,NA,NA,NA,NA,NA,NA,NA,NA,-51.17103,601.35638,2461.11182,NA,NA,NA,NA,NA,NA
773,7.72,NA,NA,NA,NA,NA,NA,NA,NA,NA,NA,NA,NA,NA,NA,NA,NA,NA,NA,NA,NA,NA,NA,NA,NA,NA,NA,NA,NA,NA,NA,NA,NA,NA,NA,NA,NA,NA,NA,NA,NA,NA,NA,NA,NA,NA,NA,NA,NA,-51.16245,601.48297,2460.72461,NA,NA,NA,NA,NA,NA
774,7.73,NA,NA,NA,NA,NA,NA,NA,NA,NA,NA,NA,NA,NA,NA,NA,NA,NA,NA,NA,NA,NA,NA,NA,NA,NA,NA,NA,NA,NA,NA,NA,NA,NA,NA,NA,NA,NA,NA,NA,NA,NA,NA,NA,NA,NA,NA,NA,NA,-51.43417,601.6059,2460.90234,NA,NA,NA,NA,NA,NA
775,7.74,NA,NA,NA,NA,NA,NA,NA,NA,NA,NA,NA,NA,NA,NA,NA,NA,NA,NA,NA,NA,NA,NA,NA,NA,NA,NA,NA,NA,NA,NA,NA,NA,NA,NA,NA,NA,NA,NA,NA,NA,NA,NA,NA,NA,NA,NA,NA,NA,-51.43417,601.6059,2460.90234,NA,NA,NA,NA,NA,NA
776,7.75,NA,NA,NA,NA,NA,NA,NA,NA,NA,NA,NA,NA,NA,NA,NA,NA,NA,NA,NA,NA,NA,NA,NA,NA,NA,NA,NA,NA,NA,NA,NA,NA,NA,NA,NA,NA,NA,NA,NA,NA,NA,NA,NA,NA,NA,NA,NA,NA,-51.29671,601.73834,2460.40649,NA,NA,NA,NA,NA,NA
777,7.76,NA,NA,NA,NA,NA,NA,NA,NA,NA,NA,NA,NA,NA,NA,NA,NA,NA,NA,NA,NA,NA,NA,NA,NA,NA,NA,NA,NA,NA,NA,NA,NA,NA,NA,NA,NA,NA,NA,NA,NA,NA,NA,NA,NA,NA,NA,NA,NA,-51.16048,601.82367,2460.177,NA,NA,NA,NA,NA,NA
778,7.77,NA,NA,NA,NA,NA,NA,NA,NA,NA,NA,NA,NA,NA,NA,NA,NA,NA,NA,NA,NA,NA,NA,NA,NA,NA,NA,NA,NA,NA,NA,NA,NA,NA,NA,NA,NA,NA,NA,NA,NA,NA,NA,NA,NA,NA,NA,NA,NA,-50.92908,601.81921,2459.97754,NA,NA,NA,NA,NA,NA
779,7.78,NA,NA,NA,NA,NA,NA,NA,NA,NA,NA,NA,NA,NA,NA,NA,NA,NA,NA,NA,NA,NA,NA,NA,NA,NA,NA,NA,NA,NA,NA,NA,NA,NA,NA,NA,NA,NA,NA,NA,NA,NA,NA,NA,NA,NA,NA,NA,NA,-50.67239,601.81787,2459.80176,NA,NA,NA,NA,NA,NA
780,7.79,NA,NA,NA,NA,NA,NA,NA,NA,NA,NA,NA,NA,NA,NA,NA,NA,NA,NA,NA,NA,NA,NA,NA,NA,NA,NA,NA,NA,NA,NA,NA,NA,NA,NA,NA,NA,NA,NA,NA,NA,NA,NA,NA,NA,NA,NA,NA,NA,-50.50325,601.89709,2459.6416,NA,NA,NA,NA,NA,NA
781,7.8,NA,NA,NA,NA,NA,NA,NA,NA,NA,NA,NA,NA,NA,NA,NA,NA,NA,NA,NA,NA,NA,NA,NA,NA,NA,NA,NA,NA,NA,NA,NA,NA,NA,NA,NA,NA,NA,NA,NA,NA,NA,NA,NA,NA,NA,NA,NA,NA,-50.41861,601.94629,2459.6792,NA,NA,NA,NA,NA,NA
782,7.81,NA,NA,NA,NA,NA,NA,NA,NA,NA,NA,NA,NA,NA,NA,NA,NA,NA,NA,NA,NA,NA,NA,NA,NA,NA,NA,NA,NA,NA,NA,NA,NA,NA,NA,NA,NA,NA,NA,NA,NA,NA,NA,NA,NA,NA,NA,NA,NA,-50.18459,601.9975,2459.58276,NA,NA,NA,NA,NA,NA
783,7.82,NA,NA,NA,NA,NA,NA,NA,NA,NA,NA,NA,NA,NA,NA,NA,NA,NA,NA,NA,NA,NA,NA,NA,NA,NA,NA,NA,NA,NA,NA,NA,NA,NA,NA,NA,NA,NA,NA,NA,NA,NA,NA,NA,NA,NA,NA,NA,NA,-49.45609,602.05426,2459.00293,NA,NA,NA,NA,NA,NA
784,7.83,NA,NA,NA,NA,NA,NA,NA,NA,NA,NA,NA,NA,NA,NA,NA,NA,NA,NA,NA,NA,NA,NA,NA,NA,NA,NA,NA,NA,NA,NA,NA,NA,NA,NA,NA,NA,NA,NA,NA,NA,NA,NA,NA,NA,NA,NA,NA,NA,-49.18727,602.17517,2458.73389,NA,NA,NA,NA,NA,NA
785,7.84,NA,NA,NA,NA,NA,NA,NA,NA,NA,NA,NA,NA,NA,NA,NA,NA,NA,NA,NA,NA,NA,NA,NA,NA,NA,NA,NA,NA,NA,NA,NA,NA,NA,NA,NA,NA,NA,NA,NA,NA,NA,NA,NA,NA,NA,NA,NA,NA,-47.77232,601.81531,2458.77637,NA,NA,NA,NA,NA,NA
786,7.85,NA,NA,NA,NA,NA,NA,NA,NA,NA,NA,NA,NA,NA,NA,NA,NA,NA,NA,NA,NA,NA,NA,NA,NA,NA,NA,NA,NA,NA,NA,NA,NA,NA,NA,NA,NA,NA,NA,NA,NA,NA,NA,NA,NA,NA,NA,NA,NA,-47.59856,602.07477,2458.30103,NA,NA,NA,NA,NA,NA
787,7.86,NA,NA,NA,NA,NA,NA,NA,NA,NA,NA,NA,NA,NA,NA,NA,NA,NA,NA,NA,NA,NA,NA,NA,NA,NA,NA,NA,NA,NA,NA,NA,NA,NA,NA,NA,NA,NA,NA,NA,NA,NA,NA,NA,NA,NA,NA,NA,NA,-47.36893,602.02832,2458.25806,NA,NA,NA,NA,NA,NA
788,7.87,NA,NA,NA,NA,NA,NA,NA,NA,NA,NA,NA,NA,NA,NA,NA,NA,NA,NA,NA,NA,NA,NA,NA,NA,NA,NA,NA,NA,NA,NA,NA,NA,NA,NA,NA,NA,NA,NA,NA,NA,NA,NA,NA,NA,NA,NA,NA,NA,-47.32825,602.05322,2458.27295,NA,NA,NA,NA,NA,NA
789,7.88,NA,NA,NA,NA,NA,NA,NA,NA,NA,NA,NA,NA,NA,NA,NA,NA,NA,NA,NA,NA,NA,NA,NA,NA,NA,NA,NA,NA,NA,NA,NA,NA,NA,NA,NA,NA,NA,NA,NA,NA,NA,NA,NA,NA,NA,NA,NA,NA,-46.90095,602.09796,2457.90039,NA,NA,NA,NA,NA,NA
790,7.89,NA,NA,NA,NA,NA,NA,NA,NA,NA,NA,NA,NA,NA,NA,NA,NA,NA,NA,NA,NA,NA,NA,NA,NA,NA,NA,NA,NA,NA,NA,NA,NA,NA,NA,NA,NA,NA,NA,NA,NA,NA,NA,NA,NA,NA,NA,NA,NA,-46.54765,602.13739,2457.66504,NA,NA,NA,NA,NA,NA
791,7.9,NA,NA,NA,NA,NA,NA,NA,NA,NA,NA,NA,NA,NA,NA,NA,NA,NA,NA,NA,NA,NA,NA,NA,NA,NA,NA,NA,NA,NA,NA,NA,NA,NA,NA,NA,NA,NA,NA,NA,NA,NA,NA,NA,NA,NA,NA,NA,NA,-45.98966,602.96552,2458.354,NA,NA,NA,NA,NA,NA
792,7.91,NA,NA,NA,NA,NA,NA,NA,NA,NA,NA,NA,NA,NA,NA,NA,NA,NA,NA,NA,NA,NA,NA,NA,NA,NA,NA,NA,NA,NA,NA,NA,NA,NA,NA,NA,NA,NA,NA,NA,NA,NA,NA,NA,NA,NA,NA,NA,NA,-45.40806,601.7052,2456.92651,NA,NA,NA,NA,NA,NA
793,7.92,NA,NA,NA,NA,NA,NA,NA,NA,NA,NA,NA,NA,NA,NA,NA,NA,NA,NA,NA,NA,NA,NA,NA,NA,NA,NA,NA,NA,NA,NA,NA,NA,NA,NA,NA,NA,NA,NA,NA,NA,NA,NA,NA,NA,NA,NA,NA,NA,-45.34572,601.64941,2457.12109,NA,NA,NA,NA,NA,NA
794,7.93,NA,NA,NA,NA,NA,NA,NA,NA,NA,NA,NA,NA,NA,NA,NA,NA,NA,NA,NA,NA,NA,NA,NA,NA,NA,NA,NA,NA,NA,NA,NA,NA,NA,NA,NA,NA,NA,NA,NA,NA,NA,NA,NA,NA,NA,NA,NA,NA,-45.26654,601.68262,2457.18945,NA,NA,NA,NA,NA,NA
795,7.94,NA,NA,NA,NA,NA,NA,NA,NA,NA,NA,NA,NA,NA,NA,NA,NA,NA,NA,NA,NA,NA,NA,NA,NA,NA,NA,NA,NA,NA,NA,NA,NA,NA,NA,NA,NA,NA,NA,NA,NA,NA,NA,NA,NA,NA,NA,NA,NA,-45.17363,601.72491,2457.26123,NA,NA,NA,NA,NA,NA
796,7.95,NA,NA,NA,NA,NA,NA,NA,NA,NA,NA,NA,NA,NA,NA,NA,NA,NA,NA,NA,NA,NA,NA,NA,NA,NA,NA,NA,NA,NA,NA,NA,NA,NA,NA,NA,NA,NA,NA,NA,NA,NA,NA,NA,NA,NA,NA,NA,NA,-45.47256,601.33508,2457.073,NA,NA,NA,NA,NA,NA
797,7.96,NA,NA,NA,NA,NA,NA,NA,NA,NA,NA,NA,NA,NA,NA,NA,NA,NA,NA,NA,NA,NA,NA,NA,NA,NA,NA,NA,NA,NA,NA,NA,NA,NA,NA,NA,NA,NA,NA,NA,NA,NA,NA,NA,NA,NA,NA,NA,NA,-45.04779,600.4975,2456.89111,NA,NA,NA,NA,NA,NA
798,7.97,NA,NA,NA,NA,NA,NA,NA,NA,NA,NA,NA,NA,NA,NA,NA,NA,NA,NA,NA,NA,NA,NA,NA,NA,NA,NA,NA,NA,NA,NA,NA,NA,NA,NA,NA,NA,NA,NA,NA,NA,NA,NA,NA,NA,NA,NA,NA,NA,-44.83329,601.26013,2457.96143,NA,NA,NA,NA,NA,NA
799,7.98,NA,NA,NA,NA,NA,NA,NA,NA,NA,NA,NA,NA,NA,NA,NA,NA,NA,NA,NA,NA,NA,NA,NA,NA,NA,NA,NA,NA,NA,NA,NA,NA,NA,NA,NA,NA,NA,NA,NA,NA,NA,NA,NA,NA,NA,NA,NA,NA,-44.58724,601.17218,2457.88916,NA,NA,NA,NA,NA,NA
800,7.99,NA,NA,NA,NA,NA,NA,NA,NA,NA,NA,NA,NA,NA,NA,NA,NA,NA,NA,NA,NA,NA,NA,NA,NA,NA,NA,NA,NA,NA,NA,NA,NA,NA,NA,NA,NA,NA,NA,NA,NA,NA,NA,NA,NA,NA,NA,NA,NA,-45.12837,602.19672,2458.69531,NA,NA,NA,NA,NA,NA
801,8,NA,NA,NA,NA,NA,NA,NA,NA,NA,NA,NA,NA,NA,NA,NA,NA,NA,NA,NA,NA,NA,NA,NA,NA,NA,NA,NA,NA,NA,NA,NA,NA,NA,NA,NA,NA,NA,NA,NA,NA,NA,NA,NA,NA,NA,NA,NA,NA,-43.9115,601.23303,2457.98975,NA,NA,NA,NA,NA,NA
802,8.01,NA,NA,NA,NA,NA,NA,NA,NA,NA,NA,NA,NA,NA,NA,NA,NA,NA,NA,NA,NA,NA,NA,NA,NA,NA,NA,NA,NA,NA,NA,NA,NA,NA,NA,NA,NA,NA,NA,NA,NA,NA,NA,NA,NA,NA,NA,NA,NA,-43.17709,601.52277,2459.42554,NA,NA,NA,NA,NA,NA
803,8.02,NA,NA,NA,NA,NA,NA,NA,NA,NA,NA,NA,NA,NA,NA,NA,NA,NA,NA,NA,NA,NA,NA,NA,NA,NA,NA,NA,NA,NA,NA,NA,NA,NA,NA,NA,NA,NA,NA,NA,NA,NA,NA,NA,NA,NA,NA,NA,NA,-43.36047,601.45398,2459.65552,NA,NA,NA,NA,NA,NA
804,8.03,NA,NA,NA,NA,NA,NA,NA,NA,NA,NA,NA,NA,NA,NA,NA,NA,NA,NA,NA,NA,NA,NA,NA,NA,NA,NA,NA,NA,NA,NA,NA,NA,NA,NA,NA,NA,NA,NA,NA,NA,NA,NA,NA,NA,NA,NA,NA,NA,-43.38184,601.33331,2459.78809,NA,NA,NA,NA,NA,NA
805,8.04,NA,NA,NA,NA,NA,NA,NA,NA,NA,NA,NA,NA,NA,NA,NA,NA,NA,NA,NA,NA,NA,NA,NA,NA,NA,NA,NA,NA,NA,NA,NA,NA,NA,NA,NA,NA,NA,NA,NA,NA,NA,NA,NA,NA,NA,NA,NA,NA,-43.54966,601.10925,2460.13257,NA,NA,NA,NA,NA,NA
806,8.05,NA,NA,NA,NA,NA,NA,NA,NA,NA,NA,NA,NA,NA,NA,NA,NA,NA,NA,NA,NA,NA,NA,NA,NA,NA,NA,NA,NA,NA,NA,NA,NA,NA,NA,NA,NA,NA,NA,NA,NA,NA,NA,NA,NA,NA,NA,NA,NA,-43.93925,600.9837,2460.51538,NA,NA,NA,NA,NA,NA
807,8.06,NA,NA,NA,NA,NA,NA,NA,NA,NA,NA,NA,NA,NA,NA,NA,NA,NA,NA,NA,NA,NA,NA,NA,NA,NA,NA,NA,NA,NA,NA,NA,NA,NA,NA,NA,NA,NA,NA,NA,NA,NA,NA,NA,NA,NA,NA,NA,NA,-44.08543,600.90295,2460.65991,NA,NA,NA,NA,NA,NA
808,8.07,NA,NA,NA,NA,NA,NA,NA,NA,NA,NA,NA,NA,NA,NA,NA,NA,NA,NA,NA,NA,NA,NA,NA,NA,NA,NA,NA,NA,NA,NA,NA,NA,NA,NA,NA,NA,NA,NA,NA,NA,NA,NA,NA,NA,NA,NA,NA,NA,-44.54564,600.81824,2461.1543,NA,NA,NA,NA,NA,NA
809,8.08,NA,NA,NA,NA,NA,NA,NA,NA,NA,NA,NA,NA,NA,NA,NA,NA,NA,NA,NA,NA,NA,NA,NA,NA,NA,NA,NA,NA,NA,NA,NA,NA,NA,NA,NA,NA,NA,NA,NA,NA,NA,NA,NA,NA,NA,NA,NA,NA,-44.30196,601.49506,2462.17578,NA,NA,NA,NA,NA,NA
810,8.09,NA,NA,NA,NA,NA,NA,NA,NA,NA,NA,NA,NA,NA,NA,NA,NA,NA,NA,NA,NA,NA,NA,NA,NA,NA,NA,NA,NA,NA,NA,NA,NA,NA,NA,NA,NA,NA,NA,NA,NA,NA,NA,NA,NA,NA,NA,NA,NA,-44.68642,600.83661,2461.1521,NA,NA,NA,NA,NA,NA
811,8.1,NA,NA,NA,NA,NA,NA,NA,NA,NA,NA,NA,NA,NA,NA,NA,NA,NA,NA,NA,NA,NA,NA,NA,NA,NA,NA,NA,NA,NA,NA,NA,NA,NA,NA,NA,NA,NA,NA,NA,NA,NA,NA,NA,NA,NA,NA,NA,NA,-45.32683,601.2865,2461.07446,NA,NA,NA,NA,NA,NA
812,8.11,NA,NA,NA,NA,NA,NA,NA,NA,NA,NA,NA,NA,NA,NA,NA,NA,NA,NA,NA,NA,NA,NA,NA,NA,NA,NA,NA,NA,NA,NA,NA,NA,NA,NA,NA,NA,NA,NA,NA,NA,NA,NA,NA,NA,NA,NA,NA,NA,-46.26432,601.41718,2460.7627,NA,NA,NA,NA,NA,NA
